time,symbol_id,symbol_name,last,trade_volume,trade_amount,open_interest_change,bv1,bp1,ap1,av1,yesterday_close,today_open,today_high,today_low,volume,amount,open_interest
2023-05-10 20:59:00,pb2308,pb2308,15260.0,1.0,76300.0,0.0,1,15255.0,15325.0,1,15285.0,15260.0,15260.0,15260.0,1.0,76300.0,2261
2023-05-10 21:00:00,pb2308,pb2308,15260.0,0.0,0.0,0.0,1,15265.0,15325.0,1,15285.0,15260.0,15260.0,15260.0,1.0,76300.0,2261
2023-05-10 21:00:01,pb2308,pb2308,15260.0,0.0,0.0,0.0,10,15285.0,15325.0,1,15285.0,15260.0,15260.0,15260.0,1.0,76300.0,2261
2023-05-10 21:00:01,pb2308,pb2308,15260.0,0.0,0.0,0.0,10,15285.0,15325.0,1,15285.0,15260.0,15260.0,15260.0,1.0,76300.0,2261
2023-05-10 21:00:02,pb2308,pb2308,15260.0,0.0,0.0,0.0,1,15265.0,15325.0,1,15285.0,15260.0,15260.0,15260.0,1.0,76300.0,2261
2023-05-10 21:00:02,pb2308,pb2308,15260.0,0.0,0.0,0.0,10,15275.0,15325.0,1,15285.0,15260.0,15260.0,15260.0,1.0,76300.0,2261
2023-05-10 21:00:03,pb2308,pb2308,15260.0,0.0,0.0,0.0,10,15280.0,15325.0,1,15285.0,15260.0,15260.0,15260.0,1.0,76300.0,2261
2023-05-10 21:00:03,pb2308,pb2308,15260.0,0.0,0.0,0.0,1,15300.0,15315.0,2,15285.0,15260.0,15260.0,15260.0,1.0,76300.0,2261
2023-05-10 21:00:04,pb2308,pb2308,15260.0,0.0,0.0,0.0,1,15300.0,15315.0,4,15285.0,15260.0,15260.0,15260.0,1.0,76300.0,2261
2023-05-10 21:00:04,pb2308,pb2308,15260.0,0.0,0.0,0.0,1,15300.0,15315.0,4,15285.0,15260.0,15260.0,15260.0,1.0,76300.0,2261
2023-05-10 21:00:05,pb2308,pb2308,15260.0,0.0,0.0,0.0,1,15305.0,15315.0,2,15285.0,15260.0,15260.0,15260.0,1.0,76300.0,2261
2023-05-10 21:00:05,pb2308,pb2308,15260.0,0.0,0.0,0.0,1,15305.0,15325.0,1,15285.0,15260.0,15260.0,15260.0,1.0,76300.0,2261
2023-05-10 21:00:06,pb2308,pb2308,15260.0,0.0,0.0,0.0,1,15310.0,15325.0,5,15285.0,15260.0,15260.0,15260.0,1.0,76300.0,2261
2023-05-10 21:00:06,pb2308,pb2308,15260.0,0.0,0.0,0.0,1,15310.0,15320.0,4,15285.0,15260.0,15260.0,15260.0,1.0,76300.0,2261
2023-05-10 21:00:07,pb2308,pb2308,15260.0,0.0,0.0,0.0,1,15310.0,15320.0,4,15285.0,15260.0,15260.0,15260.0,1.0,76300.0,2261
2023-05-10 21:00:08,pb2308,pb2308,15260.0,0.0,0.0,0.0,1,15310.0,15325.0,1,15285.0,15260.0,15260.0,15260.0,1.0,76300.0,2261
2023-05-10 21:00:08,pb2308,pb2308,15260.0,0.0,0.0,0.0,2,15310.0,15325.0,10,15285.0,15260.0,15260.0,15260.0,1.0,76300.0,2261
2023-05-10 21:00:09,pb2308,pb2308,15260.0,0.0,0.0,0.0,1,15310.0,15320.0,9,15285.0,15260.0,15260.0,15260.0,1.0,76300.0,2261
2023-05-10 21:00:09,pb2308,pb2308,15260.0,0.0,0.0,0.0,1,15310.0,15320.0,9,15285.0,15260.0,15260.0,15260.0,1.0,76300.0,2261
2023-05-10 21:00:10,pb2308,pb2308,15260.0,0.0,0.0,0.0,1,15310.0,15315.0,9,15285.0,15260.0,15260.0,15260.0,1.0,76300.0,2261
2023-05-10 21:00:10,pb2308,pb2308,15260.0,0.0,0.0,0.0,1,15310.0,15325.0,1,15285.0,15260.0,15260.0,15260.0,1.0,76300.0,2261
2023-05-10 21:00:11,pb2308,pb2308,15260.0,0.0,0.0,0.0,1,15310.0,15320.0,9,15285.0,15260.0,15260.0,15260.0,1.0,76300.0,2261
2023-05-10 21:00:11,pb2308,pb2308,15310.0,1.0,76550.0,-1.0,1,15305.0,15320.0,9,15285.0,15260.0,15310.0,15260.0,2.0,152850.0,2260
2023-05-10 21:00:12,pb2308,pb2308,15310.0,0.0,0.0,0.0,1,15305.0,15315.0,9,15285.0,15260.0,15310.0,15260.0,2.0,152850.0,2260
2023-05-10 21:00:13,pb2308,pb2308,15310.0,0.0,0.0,0.0,2,15305.0,15325.0,1,15285.0,15260.0,15310.0,15260.0,2.0,152850.0,2260
2023-05-10 21:00:13,pb2308,pb2308,15310.0,0.0,0.0,0.0,2,15305.0,15320.0,9,15285.0,15260.0,15310.0,15260.0,2.0,152850.0,2260
2023-05-10 21:00:14,pb2308,pb2308,15310.0,0.0,0.0,0.0,2,15305.0,15320.0,9,15285.0,15260.0,15310.0,15260.0,2.0,152850.0,2260
2023-05-10 21:00:16,pb2308,pb2308,15320.0,1.0,76600.0,0.0,2,15305.0,15320.0,8,15285.0,15260.0,15320.0,15260.0,3.0,229450.0,2260
2023-05-10 21:00:17,pb2308,pb2308,15320.0,0.0,0.0,0.0,1,15305.0,15320.0,8,15285.0,15260.0,15320.0,15260.0,3.0,229450.0,2260
2023-05-10 21:00:17,pb2308,pb2308,15320.0,0.0,0.0,0.0,1,15305.0,15315.0,9,15285.0,15260.0,15320.0,15260.0,3.0,229450.0,2260
2023-05-10 21:00:18,pb2308,pb2308,15320.0,0.0,0.0,0.0,1,15305.0,15310.0,3,15285.0,15260.0,15320.0,15260.0,3.0,229450.0,2260
2023-05-10 21:00:22,pb2308,pb2308,15305.0,1.0,76525.0,-1.0,1,15255.0,15310.0,3,15285.0,15260.0,15320.0,15260.0,4.0,305975.0,2259
2023-05-10 21:00:22,pb2308,pb2308,15305.0,0.0,0.0,0.0,1,15295.0,15305.0,2,15285.0,15260.0,15320.0,15260.0,4.0,305975.0,2259
2023-05-10 21:00:23,pb2308,pb2308,15305.0,0.0,0.0,0.0,2,15295.0,15305.0,2,15285.0,15260.0,15320.0,15260.0,4.0,305975.0,2259
2023-05-10 21:00:24,pb2308,pb2308,15305.0,2.0,153050.0,2.0,1,15300.0,15325.0,1,15285.0,15260.0,15320.0,15260.0,6.0,459025.0,2261
2023-05-10 21:00:24,pb2308,pb2308,15305.0,0.0,0.0,0.0,2,15300.0,15310.0,2,15285.0,15260.0,15320.0,15260.0,6.0,459025.0,2261
2023-05-10 21:00:25,pb2308,pb2308,15305.0,0.0,0.0,0.0,2,15300.0,15310.0,2,15285.0,15260.0,15320.0,15260.0,6.0,459025.0,2261
2023-05-10 21:00:25,pb2308,pb2308,15305.0,0.0,0.0,0.0,1,15300.0,15305.0,3,15285.0,15260.0,15320.0,15260.0,6.0,459025.0,2261
2023-05-10 21:00:27,pb2308,pb2308,15305.0,3.0,229575.0,0.0,1,15300.0,15310.0,9,15285.0,15260.0,15320.0,15260.0,9.0,688600.0,2261
2023-05-10 21:00:28,pb2308,pb2308,15305.0,0.0,0.0,0.0,2,15300.0,15310.0,2,15285.0,15260.0,15320.0,15260.0,9.0,688600.0,2261
2023-05-10 21:00:28,pb2308,pb2308,15305.0,0.0,0.0,0.0,2,15300.0,15310.0,2,15285.0,15260.0,15320.0,15260.0,9.0,688600.0,2261
2023-05-10 21:00:36,pb2308,pb2308,15305.0,0.0,0.0,0.0,1,15300.0,15305.0,3,15285.0,15260.0,15320.0,15260.0,9.0,688600.0,2261
2023-05-10 21:00:37,pb2308,pb2308,15305.0,0.0,0.0,0.0,1,15300.0,15325.0,2,15285.0,15260.0,15320.0,15260.0,9.0,688600.0,2261
2023-05-10 21:00:37,pb2308,pb2308,15305.0,0.0,0.0,0.0,1,15300.0,15310.0,2,15285.0,15260.0,15320.0,15260.0,9.0,688600.0,2261
2023-05-10 21:00:38,pb2308,pb2308,15305.0,0.0,0.0,0.0,8,15300.0,15325.0,2,15285.0,15260.0,15320.0,15260.0,9.0,688600.0,2261
2023-05-10 21:00:38,pb2308,pb2308,15305.0,0.0,0.0,0.0,8,15300.0,15315.0,3,15285.0,15260.0,15320.0,15260.0,9.0,688600.0,2261
2023-05-10 21:00:39,pb2308,pb2308,15305.0,0.0,0.0,0.0,8,15300.0,15315.0,3,15285.0,15260.0,15320.0,15260.0,9.0,688600.0,2261
2023-05-10 21:00:40,pb2308,pb2308,15305.0,0.0,0.0,0.0,8,15300.0,15315.0,3,15285.0,15260.0,15320.0,15260.0,9.0,688600.0,2261
2023-05-10 21:00:42,pb2308,pb2308,15305.0,0.0,0.0,0.0,1,15305.0,15315.0,3,15285.0,15260.0,15320.0,15260.0,9.0,688600.0,2261
2023-05-10 21:00:43,pb2308,pb2308,15305.0,0.0,0.0,0.0,2,15305.0,15315.0,3,15285.0,15260.0,15320.0,15260.0,9.0,688600.0,2261
2023-05-10 21:00:46,pb2308,pb2308,15305.0,0.0,0.0,0.0,1,15305.0,15310.0,2,15285.0,15260.0,15320.0,15260.0,9.0,688600.0,2261
2023-05-10 21:00:47,pb2308,pb2308,15305.0,0.0,0.0,0.0,1,15300.0,15310.0,2,15285.0,15260.0,15320.0,15260.0,9.0,688600.0,2261
2023-05-10 21:00:47,pb2308,pb2308,15305.0,0.0,0.0,0.0,2,15300.0,15310.0,2,15285.0,15260.0,15320.0,15260.0,9.0,688600.0,2261
2023-05-10 21:00:56,pb2308,pb2308,15305.0,0.0,0.0,0.0,1,15305.0,15325.0,2,15285.0,15260.0,15320.0,15260.0,9.0,688600.0,2261
2023-05-10 21:00:57,pb2308,pb2308,15305.0,0.0,0.0,0.0,2,15305.0,15315.0,2,15285.0,15260.0,15320.0,15260.0,9.0,688600.0,2261
2023-05-10 21:00:57,pb2308,pb2308,15305.0,0.0,0.0,0.0,3,15305.0,15315.0,2,15285.0,15260.0,15320.0,15260.0,9.0,688600.0,2261
2023-05-10 21:01:08,pb2308,pb2308,15305.0,0.0,0.0,0.0,2,15305.0,15315.0,2,15285.0,15260.0,15320.0,15260.0,9.0,688600.0,2261
2023-05-10 21:01:08,pb2308,pb2308,15305.0,0.0,0.0,0.0,1,15305.0,15310.0,3,15285.0,15260.0,15320.0,15260.0,9.0,688600.0,2261
2023-05-10 21:01:09,pb2308,pb2308,15305.0,0.0,0.0,0.0,1,15305.0,15310.0,3,15285.0,15260.0,15320.0,15260.0,9.0,688600.0,2261
2023-05-10 21:01:10,pb2308,pb2308,15305.0,0.0,0.0,0.0,1,15305.0,15325.0,2,15285.0,15260.0,15320.0,15260.0,9.0,688600.0,2261
2023-05-10 21:01:11,pb2308,pb2308,15305.0,0.0,0.0,0.0,2,15305.0,15315.0,2,15285.0,15260.0,15320.0,15260.0,9.0,688600.0,2261
2023-05-10 21:01:11,pb2308,pb2308,15305.0,0.0,0.0,0.0,1,15305.0,15315.0,2,15285.0,15260.0,15320.0,15260.0,9.0,688600.0,2261
2023-05-10 21:01:12,pb2308,pb2308,15305.0,0.0,0.0,0.0,1,15305.0,15310.0,2,15285.0,15260.0,15320.0,15260.0,9.0,688600.0,2261
2023-05-10 21:01:13,pb2308,pb2308,15310.0,2.0,153100.0,0.0,2,15305.0,15325.0,2,15285.0,15260.0,15320.0,15260.0,11.0,841700.0,2261
2023-05-10 21:01:14,pb2308,pb2308,15310.0,0.0,0.0,0.0,2,15305.0,15315.0,2,15285.0,15260.0,15320.0,15260.0,11.0,841700.0,2261
2023-05-10 21:01:14,pb2308,pb2308,15310.0,0.0,0.0,0.0,2,15305.0,15315.0,2,15285.0,15260.0,15320.0,15260.0,11.0,841700.0,2261
2023-05-10 21:01:44,pb2308,pb2308,15310.0,0.0,0.0,0.0,1,15300.0,15315.0,3,15285.0,15260.0,15320.0,15260.0,11.0,841700.0,2261
2023-05-10 21:01:44,pb2308,pb2308,15310.0,0.0,0.0,0.0,2,15300.0,15310.0,2,15285.0,15260.0,15320.0,15260.0,11.0,841700.0,2261
2023-05-10 21:01:47,pb2308,pb2308,15310.0,0.0,0.0,0.0,2,15300.0,15310.0,3,15285.0,15260.0,15320.0,15260.0,11.0,841700.0,2261
2023-05-10 21:01:52,pb2308,pb2308,15310.0,0.0,0.0,0.0,1,15300.0,15305.0,2,15285.0,15260.0,15320.0,15260.0,11.0,841700.0,2261
2023-05-10 21:01:53,pb2308,pb2308,15310.0,0.0,0.0,0.0,1,15300.0,15305.0,2,15285.0,15260.0,15320.0,15260.0,11.0,841700.0,2261
2023-05-10 21:01:53,pb2308,pb2308,15300.0,1.0,76500.0,1.0,1,15295.0,15305.0,2,15285.0,15260.0,15320.0,15260.0,12.0,918200.0,2262
2023-05-10 21:01:54,pb2308,pb2308,15300.0,0.0,0.0,0.0,2,15295.0,15305.0,3,15285.0,15260.0,15320.0,15260.0,12.0,918200.0,2262
2023-05-10 21:01:54,pb2308,pb2308,15300.0,0.0,0.0,0.0,2,15295.0,15305.0,4,15285.0,15260.0,15320.0,15260.0,12.0,918200.0,2262
2023-05-10 21:02:18,pb2308,pb2308,15300.0,0.0,0.0,0.0,2,15295.0,15305.0,1,15285.0,15260.0,15320.0,15260.0,12.0,918200.0,2262
2023-05-10 21:02:19,pb2308,pb2308,15300.0,0.0,0.0,0.0,2,15300.0,15310.0,2,15285.0,15260.0,15320.0,15260.0,12.0,918200.0,2262
2023-05-10 21:02:19,pb2308,pb2308,15300.0,0.0,0.0,0.0,3,15300.0,15310.0,3,15285.0,15260.0,15320.0,15260.0,12.0,918200.0,2262
2023-05-10 21:02:37,pb2308,pb2308,15300.0,0.0,0.0,0.0,2,15300.0,15310.0,3,15285.0,15260.0,15320.0,15260.0,12.0,918200.0,2262
2023-05-10 21:02:37,pb2308,pb2308,15300.0,0.0,0.0,0.0,1,15300.0,15305.0,2,15285.0,15260.0,15320.0,15260.0,12.0,918200.0,2262
2023-05-10 21:02:38,pb2308,pb2308,15300.0,0.0,0.0,0.0,1,15295.0,15305.0,4,15285.0,15260.0,15320.0,15260.0,12.0,918200.0,2262
2023-05-10 21:02:38,pb2308,pb2308,15300.0,0.0,0.0,0.0,2,15295.0,15305.0,4,15285.0,15260.0,15320.0,15260.0,12.0,918200.0,2262
2023-05-10 21:02:39,pb2308,pb2308,15300.0,0.0,0.0,0.0,1,15300.0,15305.0,2,15285.0,15260.0,15320.0,15260.0,12.0,918200.0,2262
2023-05-10 21:02:40,pb2308,pb2308,15300.0,0.0,0.0,0.0,2,15295.0,15305.0,3,15285.0,15260.0,15320.0,15260.0,12.0,918200.0,2262
2023-05-10 21:02:42,pb2308,pb2308,15300.0,0.0,0.0,0.0,2,15295.0,15305.0,1,15285.0,15260.0,15320.0,15260.0,12.0,918200.0,2262
2023-05-10 21:02:43,pb2308,pb2308,15300.0,0.0,0.0,0.0,1,15300.0,15305.0,1,15285.0,15260.0,15320.0,15260.0,12.0,918200.0,2262
2023-05-10 21:02:44,pb2308,pb2308,15300.0,0.0,0.0,0.0,1,15300.0,15305.0,1,15285.0,15260.0,15320.0,15260.0,12.0,918200.0,2262
2023-05-10 21:02:46,pb2308,pb2308,15300.0,0.0,0.0,0.0,1,15295.0,15305.0,1,15285.0,15260.0,15320.0,15260.0,12.0,918200.0,2262
2023-05-10 21:02:46,pb2308,pb2308,15300.0,0.0,0.0,0.0,2,15295.0,15305.0,1,15285.0,15260.0,15320.0,15260.0,12.0,918200.0,2262
2023-05-10 21:02:47,pb2308,pb2308,15300.0,0.0,0.0,0.0,1,15300.0,15310.0,2,15285.0,15260.0,15320.0,15260.0,12.0,918200.0,2262
2023-05-10 21:02:48,pb2308,pb2308,15300.0,0.0,0.0,0.0,2,15300.0,15310.0,3,15285.0,15260.0,15320.0,15260.0,12.0,918200.0,2262
2023-05-10 21:03:22,pb2308,pb2308,15300.0,0.0,0.0,0.0,2,15300.0,15305.0,10,15285.0,15260.0,15320.0,15260.0,12.0,918200.0,2262
2023-05-10 21:03:30,pb2308,pb2308,15305.0,9.0,688725.0,0.0,2,15300.0,15305.0,1,15285.0,15260.0,15320.0,15260.0,21.0,1606925.0,2262
2023-05-10 21:03:30,pb2308,pb2308,15305.0,0.0,0.0,0.0,3,15300.0,15305.0,1,15285.0,15260.0,15320.0,15260.0,21.0,1606925.0,2262
2023-05-10 21:03:32,pb2308,pb2308,15305.0,1.0,76525.0,-1.0,1,15305.0,15310.0,3,15285.0,15260.0,15320.0,15260.0,22.0,1683450.0,2261
2023-05-10 21:03:33,pb2308,pb2308,15305.0,0.0,0.0,0.0,1,15305.0,15310.0,3,15285.0,15260.0,15320.0,15260.0,22.0,1683450.0,2261
2023-05-10 21:03:42,pb2308,pb2308,15310.0,9.0,688950.0,7.0,2,15305.0,15310.0,1,15285.0,15260.0,15320.0,15260.0,31.0,2372400.0,2268
2023-05-10 21:03:42,pb2308,pb2308,15310.0,0.0,0.0,0.0,2,15305.0,15310.0,1,15285.0,15260.0,15320.0,15260.0,31.0,2372400.0,2268
2023-05-10 21:03:43,pb2308,pb2308,15310.0,0.0,0.0,0.0,2,15305.0,15310.0,1,15285.0,15260.0,15320.0,15260.0,31.0,2372400.0,2268
2023-05-10 21:03:47,pb2308,pb2308,15310.0,0.0,0.0,0.0,3,15305.0,15310.0,1,15285.0,15260.0,15320.0,15260.0,31.0,2372400.0,2268
2023-05-10 21:04:01,pb2308,pb2308,15310.0,0.0,0.0,0.0,3,15305.0,15310.0,2,15285.0,15260.0,15320.0,15260.0,31.0,2372400.0,2268
2023-05-10 21:04:01,pb2308,pb2308,15310.0,0.0,0.0,0.0,3,15305.0,15310.0,2,15285.0,15260.0,15320.0,15260.0,31.0,2372400.0,2268
2023-05-10 21:04:47,pb2308,pb2308,15310.0,0.0,0.0,0.0,2,15305.0,15310.0,2,15285.0,15260.0,15320.0,15260.0,31.0,2372400.0,2268
2023-05-10 21:04:58,pb2308,pb2308,15310.0,0.0,0.0,0.0,1,15305.0,15310.0,2,15285.0,15260.0,15320.0,15260.0,31.0,2372400.0,2268
2023-05-10 21:05:01,pb2308,pb2308,15305.0,1.0,76525.0,-1.0,2,15300.0,15310.0,2,15285.0,15260.0,15320.0,15260.0,32.0,2448925.0,2267
2023-05-10 21:05:01,pb2308,pb2308,15305.0,0.0,0.0,0.0,1,15300.0,15305.0,1,15285.0,15260.0,15320.0,15260.0,32.0,2448925.0,2267
2023-05-10 21:05:02,pb2308,pb2308,15305.0,0.0,0.0,0.0,1,15300.0,15305.0,3,15285.0,15260.0,15320.0,15260.0,32.0,2448925.0,2267
2023-05-10 21:05:02,pb2308,pb2308,15305.0,0.0,0.0,0.0,1,15295.0,15305.0,3,15285.0,15260.0,15320.0,15260.0,32.0,2448925.0,2267
2023-05-10 21:05:03,pb2308,pb2308,15305.0,0.0,0.0,0.0,2,15295.0,15305.0,3,15285.0,15260.0,15320.0,15260.0,32.0,2448925.0,2267
2023-05-10 21:05:07,pb2308,pb2308,15305.0,0.0,0.0,0.0,2,15295.0,15305.0,4,15285.0,15260.0,15320.0,15260.0,32.0,2448925.0,2267
2023-05-10 21:05:08,pb2308,pb2308,15305.0,0.0,0.0,0.0,1,15290.0,15300.0,3,15285.0,15260.0,15320.0,15260.0,32.0,2448925.0,2267
2023-05-10 21:05:08,pb2308,pb2308,15305.0,0.0,0.0,0.0,2,15290.0,15300.0,3,15285.0,15260.0,15320.0,15260.0,32.0,2448925.0,2267
2023-05-10 21:05:09,pb2308,pb2308,15305.0,0.0,0.0,0.0,2,15290.0,15300.0,4,15285.0,15260.0,15320.0,15260.0,32.0,2448925.0,2267
2023-05-10 21:05:14,pb2308,pb2308,15305.0,0.0,0.0,0.0,2,15290.0,15300.0,4,15285.0,15260.0,15320.0,15260.0,32.0,2448925.0,2267
2023-05-10 21:05:23,pb2308,pb2308,15305.0,0.0,0.0,0.0,2,15290.0,15300.0,2,15285.0,15260.0,15320.0,15260.0,32.0,2448925.0,2267
2023-05-10 21:05:23,pb2308,pb2308,15305.0,0.0,0.0,0.0,1,15295.0,15300.0,2,15285.0,15260.0,15320.0,15260.0,32.0,2448925.0,2267
2023-05-10 21:05:24,pb2308,pb2308,15305.0,0.0,0.0,0.0,2,15295.0,15300.0,1,15285.0,15260.0,15320.0,15260.0,32.0,2448925.0,2267
2023-05-10 21:05:26,pb2308,pb2308,15305.0,0.0,0.0,0.0,2,15295.0,15305.0,2,15285.0,15260.0,15320.0,15260.0,32.0,2448925.0,2267
2023-05-10 21:05:26,pb2308,pb2308,15305.0,0.0,0.0,0.0,2,15295.0,15305.0,5,15285.0,15260.0,15320.0,15260.0,32.0,2448925.0,2267
2023-05-10 21:05:28,pb2308,pb2308,15305.0,0.0,0.0,0.0,1,15295.0,15305.0,5,15285.0,15260.0,15320.0,15260.0,32.0,2448925.0,2267
2023-05-10 21:05:33,pb2308,pb2308,15305.0,0.0,0.0,0.0,1,15295.0,15300.0,1,15285.0,15260.0,15320.0,15260.0,32.0,2448925.0,2267
2023-05-10 21:05:33,pb2308,pb2308,15305.0,0.0,0.0,0.0,1,15295.0,15300.0,2,15285.0,15260.0,15320.0,15260.0,32.0,2448925.0,2267
2023-05-10 21:05:34,pb2308,pb2308,15305.0,0.0,0.0,0.0,1,15295.0,15300.0,3,15285.0,15260.0,15320.0,15260.0,32.0,2448925.0,2267
2023-05-10 21:05:35,pb2308,pb2308,15305.0,0.0,0.0,0.0,1,15290.0,15300.0,3,15285.0,15260.0,15320.0,15260.0,32.0,2448925.0,2267
2023-05-10 21:05:35,pb2308,pb2308,15305.0,0.0,0.0,0.0,2,15290.0,15300.0,3,15285.0,15260.0,15320.0,15260.0,32.0,2448925.0,2267
2023-05-10 21:05:56,pb2308,pb2308,15305.0,0.0,0.0,0.0,1,15295.0,15300.0,2,15285.0,15260.0,15320.0,15260.0,32.0,2448925.0,2267
2023-05-10 21:05:56,pb2308,pb2308,15305.0,0.0,0.0,0.0,2,15295.0,15300.0,2,15285.0,15260.0,15320.0,15260.0,32.0,2448925.0,2267
2023-05-10 21:05:57,pb2308,pb2308,15305.0,0.0,0.0,0.0,2,15295.0,15300.0,1,15285.0,15260.0,15320.0,15260.0,32.0,2448925.0,2267
2023-05-10 21:05:59,pb2308,pb2308,15305.0,0.0,0.0,0.0,2,15295.0,15300.0,1,15285.0,15260.0,15320.0,15260.0,32.0,2448925.0,2267
2023-05-10 21:06:11,pb2308,pb2308,15305.0,0.0,0.0,0.0,2,15295.0,15305.0,2,15285.0,15260.0,15320.0,15260.0,32.0,2448925.0,2267
2023-05-10 21:06:11,pb2308,pb2308,15305.0,0.0,0.0,0.0,2,15295.0,15305.0,5,15285.0,15260.0,15320.0,15260.0,32.0,2448925.0,2267
2023-05-10 21:06:17,pb2308,pb2308,15305.0,0.0,0.0,0.0,2,15295.0,15305.0,4,15285.0,15260.0,15320.0,15260.0,32.0,2448925.0,2267
2023-05-10 21:06:29,pb2308,pb2308,15305.0,0.0,0.0,0.0,2,15295.0,15305.0,1,15285.0,15260.0,15320.0,15260.0,32.0,2448925.0,2267
2023-05-10 21:06:36,pb2308,pb2308,15305.0,0.0,0.0,0.0,5,15300.0,15305.0,1,15285.0,15260.0,15320.0,15260.0,32.0,2448925.0,2267
2023-05-10 21:06:37,pb2308,pb2308,15305.0,0.0,0.0,0.0,5,15300.0,15310.0,2,15285.0,15260.0,15320.0,15260.0,32.0,2448925.0,2267
2023-05-10 21:06:37,pb2308,pb2308,15305.0,0.0,0.0,0.0,6,15300.0,15310.0,4,15285.0,15260.0,15320.0,15260.0,32.0,2448925.0,2267
2023-05-10 21:06:40,pb2308,pb2308,15305.0,0.0,0.0,0.0,5,15305.0,15310.0,4,15285.0,15260.0,15320.0,15260.0,32.0,2448925.0,2267
2023-05-10 21:06:40,pb2308,pb2308,15305.0,0.0,0.0,0.0,5,15305.0,15310.0,3,15285.0,15260.0,15320.0,15260.0,32.0,2448925.0,2267
2023-05-10 21:06:45,pb2308,pb2308,15305.0,0.0,0.0,0.0,1,15300.0,15310.0,3,15285.0,15260.0,15320.0,15260.0,32.0,2448925.0,2267
2023-05-10 21:06:54,pb2308,pb2308,15305.0,0.0,0.0,0.0,2,15300.0,15310.0,3,15285.0,15260.0,15320.0,15260.0,32.0,2448925.0,2267
2023-05-10 21:07:01,pb2308,pb2308,15305.0,0.0,0.0,0.0,1,15300.0,15305.0,3,15285.0,15260.0,15320.0,15260.0,32.0,2448925.0,2267
2023-05-10 21:07:01,pb2308,pb2308,15305.0,0.0,0.0,0.0,2,15300.0,15310.0,2,15285.0,15260.0,15320.0,15260.0,32.0,2448925.0,2267
2023-05-10 21:07:02,pb2308,pb2308,15305.0,0.0,0.0,0.0,1,15300.0,15310.0,4,15285.0,15260.0,15320.0,15260.0,32.0,2448925.0,2267
2023-05-10 21:07:03,pb2308,pb2308,15305.0,0.0,0.0,0.0,2,15300.0,15310.0,4,15285.0,15260.0,15320.0,15260.0,32.0,2448925.0,2267
2023-05-10 21:07:17,pb2308,pb2308,15305.0,0.0,0.0,0.0,1,15300.0,15310.0,4,15285.0,15260.0,15320.0,15260.0,32.0,2448925.0,2267
2023-05-10 21:07:17,pb2308,pb2308,15305.0,0.0,0.0,0.0,1,15300.0,15305.0,3,15285.0,15260.0,15320.0,15260.0,32.0,2448925.0,2267
2023-05-10 21:07:18,pb2308,pb2308,15305.0,0.0,0.0,0.0,1,15295.0,15305.0,4,15285.0,15260.0,15320.0,15260.0,32.0,2448925.0,2267
2023-05-10 21:07:18,pb2308,pb2308,15305.0,0.0,0.0,0.0,2,15295.0,15305.0,1,15285.0,15260.0,15320.0,15260.0,32.0,2448925.0,2267
2023-05-10 21:07:19,pb2308,pb2308,15305.0,0.0,0.0,0.0,3,15295.0,15305.0,2,15285.0,15260.0,15320.0,15260.0,32.0,2448925.0,2267
2023-05-10 21:07:19,pb2308,pb2308,15305.0,0.0,0.0,0.0,1,15300.0,15305.0,1,15285.0,15260.0,15320.0,15260.0,32.0,2448925.0,2267
2023-05-10 21:07:20,pb2308,pb2308,15305.0,0.0,0.0,0.0,7,15300.0,15305.0,1,15285.0,15260.0,15320.0,15260.0,32.0,2448925.0,2267
2023-05-10 21:07:20,pb2308,pb2308,15305.0,0.0,0.0,0.0,7,15300.0,15310.0,1,15285.0,15260.0,15320.0,15260.0,32.0,2448925.0,2267
2023-05-10 21:07:21,pb2308,pb2308,15305.0,0.0,0.0,0.0,7,15300.0,15310.0,4,15285.0,15260.0,15320.0,15260.0,32.0,2448925.0,2267
2023-05-10 21:07:23,pb2308,pb2308,15305.0,0.0,0.0,0.0,5,15305.0,15310.0,4,15285.0,15260.0,15320.0,15260.0,32.0,2448925.0,2267
2023-05-10 21:07:23,pb2308,pb2308,15305.0,0.0,0.0,0.0,5,15305.0,15310.0,4,15285.0,15260.0,15320.0,15260.0,32.0,2448925.0,2267
2023-05-10 21:07:26,pb2308,pb2308,15305.0,3.0,229575.0,3.0,2,15305.0,15310.0,4,15285.0,15260.0,15320.0,15260.0,35.0,2678500.0,2270
2023-05-10 21:07:27,pb2308,pb2308,15305.0,0.0,0.0,0.0,2,15305.0,15310.0,4,15285.0,15260.0,15320.0,15260.0,35.0,2678500.0,2270
2023-05-10 21:07:27,pb2308,pb2308,15305.0,2.0,153050.0,2.0,7,15300.0,15305.0,1,15285.0,15260.0,15320.0,15260.0,37.0,2831550.0,2272
2023-05-10 21:07:28,pb2308,pb2308,15305.0,0.0,0.0,0.0,6,15300.0,15305.0,1,15285.0,15260.0,15320.0,15260.0,37.0,2831550.0,2272
2023-05-10 21:07:29,pb2308,pb2308,15305.0,0.0,0.0,0.0,6,15300.0,15305.0,2,15285.0,15260.0,15320.0,15260.0,37.0,2831550.0,2272
2023-05-10 21:07:30,pb2308,pb2308,15305.0,0.0,0.0,0.0,5,15300.0,15305.0,2,15285.0,15260.0,15320.0,15260.0,37.0,2831550.0,2272
2023-05-10 21:07:33,pb2308,pb2308,15300.0,1.0,76500.0,0.0,4,15300.0,15305.0,2,15285.0,15260.0,15320.0,15260.0,38.0,2908050.0,2272
2023-05-10 21:08:13,pb2308,pb2308,15300.0,0.0,0.0,0.0,5,15300.0,15305.0,2,15285.0,15260.0,15320.0,15260.0,38.0,2908050.0,2272
2023-05-10 21:08:14,pb2308,pb2308,15300.0,0.0,0.0,0.0,6,15300.0,15310.0,2,15285.0,15260.0,15320.0,15260.0,38.0,2908050.0,2272
2023-05-10 21:08:14,pb2308,pb2308,15300.0,0.0,0.0,0.0,5,15300.0,15305.0,3,15285.0,15260.0,15320.0,15260.0,38.0,2908050.0,2272
2023-05-10 21:08:15,pb2308,pb2308,15300.0,4.0,306000.0,4.0,1,15300.0,15305.0,3,15285.0,15260.0,15320.0,15260.0,42.0,3214050.0,2276
2023-05-10 21:08:15,pb2308,pb2308,15300.0,0.0,0.0,0.0,1,15300.0,15305.0,4,15285.0,15260.0,15320.0,15260.0,42.0,3214050.0,2276
2023-05-10 21:08:16,pb2308,pb2308,15300.0,0.0,0.0,0.0,1,15300.0,15305.0,4,15285.0,15260.0,15320.0,15260.0,42.0,3214050.0,2276
2023-05-10 21:08:18,pb2308,pb2308,15300.0,0.0,0.0,0.0,1,15300.0,15305.0,1,15285.0,15260.0,15320.0,15260.0,42.0,3214050.0,2276
2023-05-10 21:08:18,pb2308,pb2308,15300.0,0.0,0.0,0.0,3,15300.0,15310.0,1,15285.0,15260.0,15320.0,15260.0,42.0,3214050.0,2276
2023-05-10 21:08:19,pb2308,pb2308,15300.0,0.0,0.0,0.0,3,15300.0,15310.0,3,15285.0,15260.0,15320.0,15260.0,42.0,3214050.0,2276
2023-05-10 21:08:20,pb2308,pb2308,15300.0,0.0,0.0,0.0,5,15305.0,15310.0,3,15285.0,15260.0,15320.0,15260.0,42.0,3214050.0,2276
2023-05-10 21:08:21,pb2308,pb2308,15300.0,0.0,0.0,0.0,5,15305.0,15310.0,3,15285.0,15260.0,15320.0,15260.0,42.0,3214050.0,2276
2023-05-10 21:08:22,pb2308,pb2308,15300.0,0.0,0.0,0.0,2,15300.0,15310.0,3,15285.0,15260.0,15320.0,15260.0,42.0,3214050.0,2276
2023-05-10 21:08:22,pb2308,pb2308,15300.0,0.0,0.0,0.0,3,15300.0,15310.0,3,15285.0,15260.0,15320.0,15260.0,42.0,3214050.0,2276
2023-05-10 21:08:51,pb2308,pb2308,15300.0,0.0,0.0,0.0,2,15300.0,15310.0,3,15285.0,15260.0,15320.0,15260.0,42.0,3214050.0,2276
2023-05-10 21:08:52,pb2308,pb2308,15300.0,0.0,0.0,0.0,2,15300.0,15305.0,2,15285.0,15260.0,15320.0,15260.0,42.0,3214050.0,2276
2023-05-10 21:08:52,pb2308,pb2308,15300.0,0.0,0.0,0.0,2,15300.0,15305.0,3,15285.0,15260.0,15320.0,15260.0,42.0,3214050.0,2276
2023-05-10 21:09:00,pb2308,pb2308,15300.0,0.0,0.0,0.0,2,15300.0,15305.0,1,15285.0,15260.0,15320.0,15260.0,42.0,3214050.0,2276
2023-05-10 21:09:00,pb2308,pb2308,15300.0,0.0,0.0,0.0,2,15300.0,15305.0,3,15285.0,15260.0,15320.0,15260.0,42.0,3214050.0,2276
2023-05-10 21:09:01,pb2308,pb2308,15300.0,0.0,0.0,0.0,1,15300.0,15305.0,3,15285.0,15260.0,15320.0,15260.0,42.0,3214050.0,2276
2023-05-10 21:09:02,pb2308,pb2308,15300.0,0.0,0.0,0.0,2,15295.0,15305.0,3,15285.0,15260.0,15320.0,15260.0,42.0,3214050.0,2276
2023-05-10 21:09:02,pb2308,pb2308,15300.0,0.0,0.0,0.0,3,15295.0,15305.0,3,15285.0,15260.0,15320.0,15260.0,42.0,3214050.0,2276
2023-05-10 21:09:14,pb2308,pb2308,15300.0,0.0,0.0,0.0,1,15300.0,15305.0,3,15285.0,15260.0,15320.0,15260.0,42.0,3214050.0,2276
2023-05-10 21:09:14,pb2308,pb2308,15300.0,0.0,0.0,0.0,1,15300.0,15305.0,3,15285.0,15260.0,15320.0,15260.0,42.0,3214050.0,2276
2023-05-10 21:09:29,pb2308,pb2308,15300.0,0.0,0.0,0.0,2,15295.0,15305.0,3,15285.0,15260.0,15320.0,15260.0,42.0,3214050.0,2276
2023-05-10 21:09:29,pb2308,pb2308,15300.0,0.0,0.0,0.0,3,15295.0,15305.0,3,15285.0,15260.0,15320.0,15260.0,42.0,3214050.0,2276
2023-05-10 21:10:04,pb2308,pb2308,15300.0,0.0,0.0,0.0,3,15295.0,15305.0,1,15285.0,15260.0,15320.0,15260.0,42.0,3214050.0,2276
2023-05-10 21:10:05,pb2308,pb2308,15300.0,0.0,0.0,0.0,1,15300.0,15305.0,1,15285.0,15260.0,15320.0,15260.0,42.0,3214050.0,2276
2023-05-10 21:10:05,pb2308,pb2308,15305.0,1.0,76525.0,-1.0,1,15305.0,15310.0,1,15285.0,15260.0,15320.0,15260.0,43.0,3290575.0,2275
2023-05-10 21:10:06,pb2308,pb2308,15305.0,0.0,0.0,0.0,1,15305.0,15310.0,2,15285.0,15260.0,15320.0,15260.0,43.0,3290575.0,2275
2023-05-10 21:10:09,pb2308,pb2308,15305.0,1.0,76525.0,-1.0,2,15300.0,15305.0,8,15285.0,15260.0,15320.0,15260.0,44.0,3367100.0,2274
2023-05-10 21:10:10,pb2308,pb2308,15305.0,0.0,0.0,0.0,3,15300.0,15305.0,8,15285.0,15260.0,15320.0,15260.0,44.0,3367100.0,2274
2023-05-10 21:10:19,pb2308,pb2308,15305.0,8.0,612200.0,0.0,3,15300.0,15310.0,2,15285.0,15260.0,15320.0,15260.0,52.0,3979300.0,2274
2023-05-10 21:11:21,pb2308,pb2308,15305.0,0.0,0.0,0.0,3,15300.0,15310.0,2,15285.0,15260.0,15320.0,15260.0,52.0,3979300.0,2274
2023-05-10 21:11:21,pb2308,pb2308,15305.0,0.0,0.0,0.0,3,15300.0,15310.0,2,15285.0,15260.0,15320.0,15260.0,52.0,3979300.0,2274
2023-05-10 21:11:22,pb2308,pb2308,15305.0,0.0,0.0,0.0,3,15300.0,15310.0,2,15285.0,15260.0,15320.0,15260.0,52.0,3979300.0,2274
2023-05-10 21:11:39,pb2308,pb2308,15305.0,0.0,0.0,0.0,3,15300.0,15310.0,1,15285.0,15260.0,15320.0,15260.0,52.0,3979300.0,2274
2023-05-10 21:11:40,pb2308,pb2308,15305.0,0.0,0.0,0.0,3,15300.0,15310.0,4,15285.0,15260.0,15320.0,15260.0,52.0,3979300.0,2274
2023-05-10 21:11:52,pb2308,pb2308,15305.0,0.0,0.0,0.0,3,15300.0,15310.0,4,15285.0,15260.0,15320.0,15260.0,52.0,3979300.0,2274
2023-05-10 21:11:53,pb2308,pb2308,15305.0,0.0,0.0,0.0,3,15300.0,15310.0,4,15285.0,15260.0,15320.0,15260.0,52.0,3979300.0,2274
2023-05-10 21:11:53,pb2308,pb2308,15305.0,0.0,0.0,0.0,3,15300.0,15310.0,4,15285.0,15260.0,15320.0,15260.0,52.0,3979300.0,2274
2023-05-10 21:12:13,pb2308,pb2308,15305.0,0.0,0.0,0.0,3,15300.0,15310.0,1,15285.0,15260.0,15320.0,15260.0,52.0,3979300.0,2274
2023-05-10 21:12:13,pb2308,pb2308,15305.0,0.0,0.0,0.0,3,15300.0,15310.0,4,15285.0,15260.0,15320.0,15260.0,52.0,3979300.0,2274
2023-05-10 21:12:14,pb2308,pb2308,15305.0,0.0,0.0,0.0,3,15300.0,15310.0,4,15285.0,15260.0,15320.0,15260.0,52.0,3979300.0,2274
2023-05-10 21:12:17,pb2308,pb2308,15305.0,0.0,0.0,0.0,3,15300.0,15310.0,4,15285.0,15260.0,15320.0,15260.0,52.0,3979300.0,2274
2023-05-10 21:12:52,pb2308,pb2308,15305.0,0.0,0.0,0.0,3,15300.0,15305.0,1,15285.0,15260.0,15320.0,15260.0,52.0,3979300.0,2274
2023-05-10 21:12:55,pb2308,pb2308,15305.0,1.0,76525.0,-1.0,3,15300.0,15310.0,4,15285.0,15260.0,15320.0,15260.0,53.0,4055825.0,2273
2023-05-10 21:12:56,pb2308,pb2308,15305.0,0.0,0.0,0.0,3,15300.0,15310.0,4,15285.0,15260.0,15320.0,15260.0,53.0,4055825.0,2273
2023-05-10 21:13:04,pb2308,pb2308,15305.0,0.0,0.0,0.0,1,15305.0,15310.0,1,15285.0,15260.0,15320.0,15260.0,53.0,4055825.0,2273
2023-05-10 21:13:05,pb2308,pb2308,15310.0,2.0,153100.0,0.0,2,15305.0,15310.0,2,15285.0,15260.0,15320.0,15260.0,55.0,4208925.0,2273
2023-05-10 21:13:05,pb2308,pb2308,15310.0,0.0,0.0,0.0,1,15305.0,15310.0,1,15285.0,15260.0,15320.0,15260.0,55.0,4208925.0,2273
2023-05-10 21:13:06,pb2308,pb2308,15310.0,0.0,0.0,0.0,1,15305.0,15310.0,4,15285.0,15260.0,15320.0,15260.0,55.0,4208925.0,2273
2023-05-10 21:13:06,pb2308,pb2308,15310.0,0.0,0.0,0.0,1,15305.0,15310.0,4,15285.0,15260.0,15320.0,15260.0,55.0,4208925.0,2273
2023-05-10 21:13:07,pb2308,pb2308,15305.0,1.0,76525.0,-1.0,2,15300.0,15310.0,4,15285.0,15260.0,15320.0,15260.0,56.0,4285450.0,2272
2023-05-10 21:13:08,pb2308,pb2308,15305.0,0.0,0.0,0.0,3,15300.0,15310.0,4,15285.0,15260.0,15320.0,15260.0,56.0,4285450.0,2272
2023-05-10 21:13:15,pb2308,pb2308,15305.0,0.0,0.0,0.0,3,15300.0,15310.0,4,15285.0,15260.0,15320.0,15260.0,56.0,4285450.0,2272
2023-05-10 21:13:35,pb2308,pb2308,15305.0,0.0,0.0,0.0,5,15305.0,15310.0,4,15285.0,15260.0,15320.0,15260.0,56.0,4285450.0,2272
2023-05-10 21:13:35,pb2308,pb2308,15305.0,0.0,0.0,0.0,5,15305.0,15310.0,4,15285.0,15260.0,15320.0,15260.0,56.0,4285450.0,2272
2023-05-10 21:13:36,pb2308,pb2308,15305.0,0.0,0.0,0.0,6,15305.0,15310.0,4,15285.0,15260.0,15320.0,15260.0,56.0,4285450.0,2272
2023-05-10 21:14:01,pb2308,pb2308,15305.0,0.0,0.0,0.0,6,15305.0,15310.0,4,15285.0,15260.0,15320.0,15260.0,56.0,4285450.0,2272
2023-05-10 21:14:01,pb2308,pb2308,15305.0,0.0,0.0,0.0,7,15305.0,15310.0,4,15285.0,15260.0,15320.0,15260.0,56.0,4285450.0,2272
2023-05-10 21:14:02,pb2308,pb2308,15305.0,0.0,0.0,0.0,8,15305.0,15315.0,1,15285.0,15260.0,15320.0,15260.0,56.0,4285450.0,2272
2023-05-10 21:14:02,pb2308,pb2308,15305.0,0.0,0.0,0.0,8,15305.0,15315.0,4,15285.0,15260.0,15320.0,15260.0,56.0,4285450.0,2272
2023-05-10 21:14:03,pb2308,pb2308,15305.0,0.0,0.0,0.0,8,15305.0,15315.0,4,15285.0,15260.0,15320.0,15260.0,56.0,4285450.0,2272
2023-05-10 21:14:06,pb2308,pb2308,15305.0,0.0,0.0,0.0,7,15305.0,15315.0,4,15285.0,15260.0,15320.0,15260.0,56.0,4285450.0,2272
2023-05-10 21:14:06,pb2308,pb2308,15305.0,0.0,0.0,0.0,8,15305.0,15315.0,4,15285.0,15260.0,15320.0,15260.0,56.0,4285450.0,2272
2023-05-10 21:14:10,pb2308,pb2308,15305.0,0.0,0.0,0.0,7,15305.0,15315.0,200,15285.0,15260.0,15320.0,15260.0,56.0,4285450.0,2272
2023-05-10 21:14:11,pb2308,pb2308,15305.0,0.0,0.0,0.0,6,15305.0,15310.0,2,15285.0,15260.0,15320.0,15260.0,56.0,4285450.0,2272
2023-05-10 21:14:11,pb2308,pb2308,15305.0,3.0,229575.0,-1.0,3,15305.0,15310.0,4,15285.0,15260.0,15320.0,15260.0,59.0,4515025.0,2271
2023-05-10 21:14:12,pb2308,pb2308,15305.0,0.0,0.0,0.0,3,15305.0,15310.0,3,15285.0,15260.0,15320.0,15260.0,59.0,4515025.0,2271
2023-05-10 21:14:22,pb2308,pb2308,15305.0,0.0,0.0,0.0,3,15305.0,15310.0,2,15285.0,15260.0,15320.0,15260.0,59.0,4515025.0,2271
2023-05-10 21:14:22,pb2308,pb2308,15305.0,0.0,0.0,0.0,4,15305.0,15315.0,2,15285.0,15260.0,15320.0,15260.0,59.0,4515025.0,2271
2023-05-10 21:14:23,pb2308,pb2308,15305.0,0.0,0.0,0.0,4,15305.0,15310.0,3,15285.0,15260.0,15320.0,15260.0,59.0,4515025.0,2271
2023-05-10 21:14:23,pb2308,pb2308,15305.0,0.0,0.0,0.0,3,15305.0,15310.0,5,15285.0,15260.0,15320.0,15260.0,59.0,4515025.0,2271
2023-05-10 21:14:24,pb2308,pb2308,15305.0,0.0,0.0,0.0,3,15305.0,15310.0,4,15285.0,15260.0,15320.0,15260.0,59.0,4515025.0,2271
2023-05-10 21:14:35,pb2308,pb2308,15305.0,0.0,0.0,0.0,3,15305.0,15310.0,3,15285.0,15260.0,15320.0,15260.0,59.0,4515025.0,2271
2023-05-10 21:14:36,pb2308,pb2308,15305.0,0.0,0.0,0.0,5,15305.0,15315.0,1,15285.0,15260.0,15320.0,15260.0,59.0,4515025.0,2271
2023-05-10 21:14:36,pb2308,pb2308,15305.0,0.0,0.0,0.0,5,15305.0,15315.0,3,15285.0,15260.0,15320.0,15260.0,59.0,4515025.0,2271
2023-05-10 21:15:01,pb2308,pb2308,15305.0,0.0,0.0,0.0,4,15305.0,15315.0,1,15285.0,15260.0,15320.0,15260.0,59.0,4515025.0,2271
2023-05-10 21:15:02,pb2308,pb2308,15305.0,0.0,0.0,0.0,4,15305.0,15315.0,3,15285.0,15260.0,15320.0,15260.0,59.0,4515025.0,2271
2023-05-10 21:15:02,pb2308,pb2308,15305.0,0.0,0.0,0.0,5,15305.0,15315.0,199,15285.0,15260.0,15320.0,15260.0,59.0,4515025.0,2271
2023-05-10 21:15:03,pb2308,pb2308,15305.0,0.0,0.0,0.0,3,15305.0,15315.0,4,15285.0,15260.0,15320.0,15260.0,59.0,4515025.0,2271
2023-05-10 21:15:03,pb2308,pb2308,15305.0,0.0,0.0,0.0,5,15305.0,15315.0,3,15285.0,15260.0,15320.0,15260.0,59.0,4515025.0,2271
2023-05-10 21:15:31,pb2308,pb2308,15305.0,0.0,0.0,0.0,6,15305.0,15315.0,3,15285.0,15260.0,15320.0,15260.0,59.0,4515025.0,2271
2023-05-10 21:15:45,pb2308,pb2308,15305.0,0.0,0.0,0.0,5,15305.0,15315.0,3,15285.0,15260.0,15320.0,15260.0,59.0,4515025.0,2271
2023-05-10 21:16:10,pb2308,pb2308,15305.0,0.0,0.0,0.0,4,15305.0,15315.0,3,15285.0,15260.0,15320.0,15260.0,59.0,4515025.0,2271
2023-05-10 21:16:10,pb2308,pb2308,15305.0,0.0,0.0,0.0,4,15305.0,15310.0,2,15285.0,15260.0,15320.0,15260.0,59.0,4515025.0,2271
2023-05-10 21:16:11,pb2308,pb2308,15305.0,1.0,76525.0,0.0,2,15305.0,15310.0,3,15285.0,15260.0,15320.0,15260.0,60.0,4591550.0,2271
2023-05-10 21:16:11,pb2308,pb2308,15305.0,0.0,0.0,0.0,2,15305.0,15310.0,3,15285.0,15260.0,15320.0,15260.0,60.0,4591550.0,2271
2023-05-10 21:19:05,pb2308,pb2308,15305.0,0.0,0.0,0.0,1,15305.0,15310.0,3,15285.0,15260.0,15320.0,15260.0,60.0,4591550.0,2271
2023-05-10 21:19:07,pb2308,pb2308,15305.0,0.0,0.0,0.0,2,15300.0,15310.0,3,15285.0,15260.0,15320.0,15260.0,60.0,4591550.0,2271
2023-05-10 21:19:08,pb2308,pb2308,15305.0,0.0,0.0,0.0,3,15300.0,15310.0,3,15285.0,15260.0,15320.0,15260.0,60.0,4591550.0,2271
2023-05-10 21:19:56,pb2308,pb2308,15305.0,0.0,0.0,0.0,1,15305.0,15310.0,3,15285.0,15260.0,15320.0,15260.0,60.0,4591550.0,2271
2023-05-10 21:19:56,pb2308,pb2308,15305.0,0.0,0.0,0.0,1,15305.0,15310.0,3,15285.0,15260.0,15320.0,15260.0,60.0,4591550.0,2271
2023-05-10 21:20:19,pb2308,pb2308,15305.0,0.0,0.0,0.0,2,15300.0,15310.0,3,15285.0,15260.0,15320.0,15260.0,60.0,4591550.0,2271
2023-05-10 21:20:19,pb2308,pb2308,15305.0,0.0,0.0,0.0,3,15300.0,15310.0,3,15285.0,15260.0,15320.0,15260.0,60.0,4591550.0,2271
2023-05-10 21:20:20,pb2308,pb2308,15305.0,0.0,0.0,0.0,3,15300.0,15310.0,3,15285.0,15260.0,15320.0,15260.0,60.0,4591550.0,2271
2023-05-10 21:20:22,pb2308,pb2308,15305.0,0.0,0.0,0.0,1,15305.0,15310.0,3,15285.0,15260.0,15320.0,15260.0,60.0,4591550.0,2271
2023-05-10 21:20:22,pb2308,pb2308,15305.0,0.0,0.0,0.0,1,15305.0,15310.0,3,15285.0,15260.0,15320.0,15260.0,60.0,4591550.0,2271
2023-05-10 21:22:18,pb2308,pb2308,15305.0,1.0,76525.0,1.0,2,15300.0,15310.0,3,15285.0,15260.0,15320.0,15260.0,61.0,4668075.0,2272
2023-05-10 21:22:19,pb2308,pb2308,15305.0,0.0,0.0,0.0,3,15300.0,15310.0,3,15285.0,15260.0,15320.0,15260.0,61.0,4668075.0,2272
2023-05-10 21:23:18,pb2308,pb2308,15305.0,0.0,0.0,0.0,1,15305.0,15310.0,3,15285.0,15260.0,15320.0,15260.0,61.0,4668075.0,2272
2023-05-10 21:23:19,pb2308,pb2308,15305.0,0.0,0.0,0.0,1,15305.0,15310.0,3,15285.0,15260.0,15320.0,15260.0,61.0,4668075.0,2272
2023-05-10 21:23:20,pb2308,pb2308,15305.0,0.0,0.0,0.0,2,15305.0,15310.0,3,15285.0,15260.0,15320.0,15260.0,61.0,4668075.0,2272
2023-05-10 21:24:03,pb2308,pb2308,15305.0,0.0,0.0,0.0,2,15305.0,15310.0,3,15285.0,15260.0,15320.0,15260.0,61.0,4668075.0,2272
2023-05-10 21:24:05,pb2308,pb2308,15305.0,0.0,0.0,0.0,1,15305.0,15310.0,3,15285.0,15260.0,15320.0,15260.0,61.0,4668075.0,2272
2023-05-10 21:24:16,pb2308,pb2308,15305.0,0.0,0.0,0.0,1,15305.0,15310.0,3,15285.0,15260.0,15320.0,15260.0,61.0,4668075.0,2272
2023-05-10 21:24:19,pb2308,pb2308,15305.0,0.0,0.0,0.0,2,15305.0,15310.0,3,15285.0,15260.0,15320.0,15260.0,61.0,4668075.0,2272
2023-05-10 21:25:03,pb2308,pb2308,15305.0,0.0,0.0,0.0,1,15305.0,15310.0,3,15285.0,15260.0,15320.0,15260.0,61.0,4668075.0,2272
2023-05-10 21:26:03,pb2308,pb2308,15310.0,2.0,153100.0,2.0,1,15310.0,15315.0,11,15285.0,15260.0,15320.0,15260.0,63.0,4821175.0,2274
2023-05-10 21:26:04,pb2308,pb2308,15310.0,0.0,0.0,0.0,1,15310.0,15315.0,4,15285.0,15260.0,15320.0,15260.0,63.0,4821175.0,2274
2023-05-10 21:26:04,pb2308,pb2308,15310.0,0.0,0.0,0.0,2,15310.0,15315.0,4,15285.0,15260.0,15320.0,15260.0,63.0,4821175.0,2274
2023-05-10 21:26:05,pb2308,pb2308,15310.0,0.0,0.0,0.0,2,15310.0,15315.0,3,15285.0,15260.0,15320.0,15260.0,63.0,4821175.0,2274
2023-05-10 21:26:06,pb2308,pb2308,15310.0,0.0,0.0,0.0,2,15310.0,15315.0,3,15285.0,15260.0,15320.0,15260.0,63.0,4821175.0,2274
2023-05-10 21:26:10,pb2308,pb2308,15310.0,0.0,0.0,0.0,2,15310.0,15315.0,4,15285.0,15260.0,15320.0,15260.0,63.0,4821175.0,2274
2023-05-10 21:26:13,pb2308,pb2308,15310.0,0.0,0.0,0.0,9,15310.0,15315.0,4,15285.0,15260.0,15320.0,15260.0,63.0,4821175.0,2274
2023-05-10 21:26:14,pb2308,pb2308,15315.0,1.0,76575.0,0.0,9,15310.0,15315.0,3,15285.0,15260.0,15320.0,15260.0,64.0,4897750.0,2274
2023-05-10 21:26:33,pb2308,pb2308,15315.0,0.0,0.0,0.0,9,15310.0,15315.0,2,15285.0,15260.0,15320.0,15260.0,64.0,4897750.0,2274
2023-05-10 21:26:43,pb2308,pb2308,15315.0,0.0,0.0,0.0,9,15310.0,15315.0,3,15285.0,15260.0,15320.0,15260.0,64.0,4897750.0,2274
2023-05-10 21:26:47,pb2308,pb2308,15315.0,9.0,689175.0,8.0,9,15310.0,15315.0,1,15285.0,15260.0,15320.0,15260.0,73.0,5586925.0,2282
2023-05-10 21:26:47,pb2308,pb2308,15315.0,1.0,76575.0,0.0,9,15310.0,15315.0,2,15285.0,15260.0,15320.0,15260.0,74.0,5663500.0,2282
2023-05-10 21:26:49,pb2308,pb2308,15315.0,9.0,689175.0,9.0,9,15310.0,15315.0,2,15285.0,15260.0,15320.0,15260.0,83.0,6352675.0,2291
2023-05-10 21:26:52,pb2308,pb2308,15315.0,0.0,0.0,0.0,9,15310.0,15315.0,3,15285.0,15260.0,15320.0,15260.0,83.0,6352675.0,2291
2023-05-10 21:27:28,pb2308,pb2308,15310.0,1.0,76550.0,0.0,8,15310.0,15315.0,3,15285.0,15260.0,15320.0,15260.0,84.0,6429225.0,2291
2023-05-10 21:27:28,pb2308,pb2308,15310.0,0.0,0.0,0.0,9,15310.0,15315.0,3,15285.0,15260.0,15320.0,15260.0,84.0,6429225.0,2291
2023-05-10 21:27:36,pb2308,pb2308,15310.0,0.0,0.0,0.0,9,15310.0,15315.0,3,15285.0,15260.0,15320.0,15260.0,84.0,6429225.0,2291
2023-05-10 21:27:36,pb2308,pb2308,15310.0,0.0,0.0,0.0,7,15310.0,15315.0,3,15285.0,15260.0,15320.0,15260.0,84.0,6429225.0,2291
2023-05-10 21:27:37,pb2308,pb2308,15310.0,7.0,535850.0,0.0,2,15305.0,15310.0,1,15285.0,15260.0,15320.0,15260.0,91.0,6965075.0,2291
2023-05-10 21:27:37,pb2308,pb2308,15310.0,0.0,0.0,0.0,1,15305.0,15310.0,2,15285.0,15260.0,15320.0,15260.0,91.0,6965075.0,2291
2023-05-10 21:27:38,pb2308,pb2308,15310.0,0.0,0.0,0.0,1,15305.0,15310.0,2,15285.0,15260.0,15320.0,15260.0,91.0,6965075.0,2291
2023-05-10 21:28:03,pb2308,pb2308,15310.0,0.0,0.0,0.0,2,15300.0,15310.0,2,15285.0,15260.0,15320.0,15260.0,91.0,6965075.0,2291
2023-05-10 21:28:04,pb2308,pb2308,15310.0,0.0,0.0,0.0,3,15300.0,15310.0,2,15285.0,15260.0,15320.0,15260.0,91.0,6965075.0,2291
2023-05-10 21:30:11,pb2308,pb2308,15310.0,0.0,0.0,0.0,3,15300.0,15310.0,2,15285.0,15260.0,15320.0,15260.0,91.0,6965075.0,2291
2023-05-10 21:31:04,pb2308,pb2308,15310.0,0.0,0.0,0.0,3,15300.0,15310.0,1,15285.0,15260.0,15320.0,15260.0,91.0,6965075.0,2291
2023-05-10 21:31:05,pb2308,pb2308,15310.0,0.0,0.0,0.0,3,15300.0,15310.0,3,15285.0,15260.0,15320.0,15260.0,91.0,6965075.0,2291
2023-05-10 21:31:14,pb2308,pb2308,15310.0,0.0,0.0,0.0,1,15305.0,15315.0,2,15285.0,15260.0,15320.0,15260.0,91.0,6965075.0,2291
2023-05-10 21:31:14,pb2308,pb2308,15310.0,0.0,0.0,0.0,3,15305.0,15315.0,4,15285.0,15260.0,15320.0,15260.0,91.0,6965075.0,2291
2023-05-10 21:31:45,pb2308,pb2308,15310.0,0.0,0.0,0.0,3,15305.0,15315.0,5,15285.0,15260.0,15320.0,15260.0,91.0,6965075.0,2291
2023-05-10 21:31:51,pb2308,pb2308,15310.0,0.0,0.0,0.0,2,15305.0,15315.0,5,15285.0,15260.0,15320.0,15260.0,91.0,6965075.0,2291
2023-05-10 21:31:51,pb2308,pb2308,15310.0,0.0,0.0,0.0,2,15305.0,15310.0,3,15285.0,15260.0,15320.0,15260.0,91.0,6965075.0,2291
2023-05-10 21:31:52,pb2308,pb2308,15310.0,0.0,0.0,0.0,1,15305.0,15310.0,4,15285.0,15260.0,15320.0,15260.0,91.0,6965075.0,2291
2023-05-10 21:31:52,pb2308,pb2308,15310.0,0.0,0.0,0.0,1,15305.0,15310.0,4,15285.0,15260.0,15320.0,15260.0,91.0,6965075.0,2291
2023-05-10 21:31:53,pb2308,pb2308,15310.0,0.0,0.0,0.0,1,15300.0,15310.0,4,15285.0,15260.0,15320.0,15260.0,91.0,6965075.0,2291
2023-05-10 21:31:53,pb2308,pb2308,15310.0,0.0,0.0,0.0,2,15300.0,15310.0,4,15285.0,15260.0,15320.0,15260.0,91.0,6965075.0,2291
2023-05-10 21:32:02,pb2308,pb2308,15310.0,0.0,0.0,0.0,2,15300.0,15310.0,1,15285.0,15260.0,15320.0,15260.0,91.0,6965075.0,2291
2023-05-10 21:32:03,pb2308,pb2308,15310.0,0.0,0.0,0.0,3,15300.0,15310.0,3,15285.0,15260.0,15320.0,15260.0,91.0,6965075.0,2291
2023-05-10 21:32:16,pb2308,pb2308,15310.0,0.0,0.0,0.0,3,15300.0,15310.0,3,15285.0,15260.0,15320.0,15260.0,91.0,6965075.0,2291
2023-05-10 21:38:37,pb2308,pb2308,15310.0,0.0,0.0,0.0,3,15300.0,15310.0,3,15285.0,15260.0,15320.0,15260.0,91.0,6965075.0,2291
2023-05-10 21:38:59,pb2308,pb2308,15310.0,0.0,0.0,0.0,3,15300.0,15310.0,3,15285.0,15260.0,15320.0,15260.0,91.0,6965075.0,2291
2023-05-10 21:39:00,pb2308,pb2308,15310.0,0.0,0.0,0.0,2,15300.0,15310.0,3,15285.0,15260.0,15320.0,15260.0,91.0,6965075.0,2291
2023-05-10 21:39:00,pb2308,pb2308,15310.0,0.0,0.0,0.0,2,15300.0,15310.0,3,15285.0,15260.0,15320.0,15260.0,91.0,6965075.0,2291
2023-05-10 21:39:14,pb2308,pb2308,15310.0,0.0,0.0,0.0,1,15300.0,15310.0,3,15285.0,15260.0,15320.0,15260.0,91.0,6965075.0,2291
2023-05-10 21:39:47,pb2308,pb2308,15310.0,0.0,0.0,0.0,2,15295.0,15305.0,1,15285.0,15260.0,15320.0,15260.0,91.0,6965075.0,2291
2023-05-10 21:39:47,pb2308,pb2308,15310.0,0.0,0.0,0.0,3,15295.0,15305.0,4,15285.0,15260.0,15320.0,15260.0,91.0,6965075.0,2291
2023-05-10 21:40:45,pb2308,pb2308,15310.0,0.0,0.0,0.0,3,15295.0,15305.0,4,15285.0,15260.0,15320.0,15260.0,91.0,6965075.0,2291
2023-05-10 21:41:37,pb2308,pb2308,15310.0,0.0,0.0,0.0,3,15295.0,15305.0,4,15285.0,15260.0,15320.0,15260.0,91.0,6965075.0,2291
2023-05-10 21:41:56,pb2308,pb2308,15310.0,0.0,0.0,0.0,1,15300.0,15305.0,1,15285.0,15260.0,15320.0,15260.0,91.0,6965075.0,2291
2023-05-10 21:41:56,pb2308,pb2308,15310.0,0.0,0.0,0.0,2,15300.0,15305.0,1,15285.0,15260.0,15320.0,15260.0,91.0,6965075.0,2291
2023-05-10 21:42:03,pb2308,pb2308,15310.0,0.0,0.0,0.0,1,15300.0,15305.0,3,15285.0,15260.0,15320.0,15260.0,91.0,6965075.0,2291
2023-05-10 21:42:03,pb2308,pb2308,15310.0,0.0,0.0,0.0,2,15295.0,15305.0,3,15285.0,15260.0,15320.0,15260.0,91.0,6965075.0,2291
2023-05-10 21:42:04,pb2308,pb2308,15310.0,0.0,0.0,0.0,3,15295.0,15305.0,3,15285.0,15260.0,15320.0,15260.0,91.0,6965075.0,2291
2023-05-10 21:42:07,pb2308,pb2308,15310.0,0.0,0.0,0.0,1,15300.0,15305.0,1,15285.0,15260.0,15320.0,15260.0,91.0,6965075.0,2291
2023-05-10 21:42:07,pb2308,pb2308,15310.0,0.0,0.0,0.0,2,15300.0,15305.0,1,15285.0,15260.0,15320.0,15260.0,91.0,6965075.0,2291
2023-05-10 21:42:08,pb2308,pb2308,15310.0,0.0,0.0,0.0,3,15300.0,15305.0,1,15285.0,15260.0,15320.0,15260.0,91.0,6965075.0,2291
2023-05-10 21:42:22,pb2308,pb2308,15305.0,1.0,76525.0,0.0,3,15300.0,15310.0,2,15285.0,15260.0,15320.0,15260.0,92.0,7041600.0,2291
2023-05-10 21:42:23,pb2308,pb2308,15305.0,0.0,0.0,0.0,3,15300.0,15310.0,5,15285.0,15260.0,15320.0,15260.0,92.0,7041600.0,2291
2023-05-10 21:42:44,pb2308,pb2308,15305.0,0.0,0.0,0.0,2,15300.0,15310.0,5,15285.0,15260.0,15320.0,15260.0,92.0,7041600.0,2291
2023-05-10 21:42:45,pb2308,pb2308,15305.0,0.0,0.0,0.0,3,15300.0,15310.0,5,15285.0,15260.0,15320.0,15260.0,92.0,7041600.0,2291
2023-05-10 21:46:15,pb2308,pb2308,15305.0,0.0,0.0,0.0,2,15300.0,15310.0,5,15285.0,15260.0,15320.0,15260.0,92.0,7041600.0,2291
2023-05-10 21:46:15,pb2308,pb2308,15305.0,0.0,0.0,0.0,2,15300.0,15305.0,3,15285.0,15260.0,15320.0,15260.0,92.0,7041600.0,2291
2023-05-10 21:46:16,pb2308,pb2308,15305.0,0.0,0.0,0.0,1,15300.0,15305.0,4,15285.0,15260.0,15320.0,15260.0,92.0,7041600.0,2291
2023-05-10 21:46:16,pb2308,pb2308,15305.0,0.0,0.0,0.0,2,15295.0,15305.0,4,15285.0,15260.0,15320.0,15260.0,92.0,7041600.0,2291
2023-05-10 21:46:17,pb2308,pb2308,15305.0,0.0,0.0,0.0,3,15295.0,15305.0,4,15285.0,15260.0,15320.0,15260.0,92.0,7041600.0,2291
2023-05-10 21:47:55,pb2308,pb2308,15305.0,0.0,0.0,0.0,2,15295.0,15305.0,4,15285.0,15260.0,15320.0,15260.0,92.0,7041600.0,2291
2023-05-10 21:48:22,pb2308,pb2308,15305.0,0.0,0.0,0.0,2,15295.0,15305.0,4,15285.0,15260.0,15320.0,15260.0,92.0,7041600.0,2291
2023-05-10 21:48:23,pb2308,pb2308,15305.0,0.0,0.0,0.0,2,15295.0,15305.0,5,15285.0,15260.0,15320.0,15260.0,92.0,7041600.0,2291
2023-05-10 21:50:32,pb2308,pb2308,15305.0,0.0,0.0,0.0,2,15295.0,15305.0,4,15285.0,15260.0,15320.0,15260.0,92.0,7041600.0,2291
2023-05-10 21:52:05,pb2308,pb2308,15305.0,0.0,0.0,0.0,2,15295.0,15305.0,5,15285.0,15260.0,15320.0,15260.0,92.0,7041600.0,2291
2023-05-10 21:54:34,pb2308,pb2308,15305.0,0.0,0.0,0.0,1,15295.0,15305.0,5,15285.0,15260.0,15320.0,15260.0,92.0,7041600.0,2291
2023-05-10 21:54:34,pb2308,pb2308,15295.0,1.0,76475.0,0.0,1,15290.0,15305.0,201,15285.0,15260.0,15320.0,15260.0,93.0,7118075.0,2291
2023-05-10 21:54:35,pb2308,pb2308,15295.0,0.0,0.0,0.0,1,15290.0,15300.0,2,15285.0,15260.0,15320.0,15260.0,93.0,7118075.0,2291
2023-05-10 21:54:35,pb2308,pb2308,15290.0,1.0,76450.0,0.0,3,15285.0,15300.0,5,15285.0,15260.0,15320.0,15260.0,94.0,7194525.0,2291
2023-05-10 21:54:36,pb2308,pb2308,15290.0,0.0,0.0,0.0,10,15285.0,15300.0,5,15285.0,15260.0,15320.0,15260.0,94.0,7194525.0,2291
2023-05-10 21:54:36,pb2308,pb2308,15290.0,0.0,0.0,0.0,10,15285.0,15300.0,5,15285.0,15260.0,15320.0,15260.0,94.0,7194525.0,2291
2023-05-10 21:55:04,pb2308,pb2308,15290.0,0.0,0.0,0.0,1,15290.0,15300.0,5,15285.0,15260.0,15320.0,15260.0,94.0,7194525.0,2291
2023-05-10 21:55:04,pb2308,pb2308,15290.0,0.0,0.0,0.0,2,15290.0,15300.0,5,15285.0,15260.0,15320.0,15260.0,94.0,7194525.0,2291
2023-05-10 21:55:16,pb2308,pb2308,15290.0,0.0,0.0,0.0,4,15290.0,15300.0,5,15285.0,15260.0,15320.0,15260.0,94.0,7194525.0,2291
2023-05-10 21:55:42,pb2308,pb2308,15290.0,0.0,0.0,0.0,4,15290.0,15300.0,5,15285.0,15260.0,15320.0,15260.0,94.0,7194525.0,2291
2023-05-10 21:55:42,pb2308,pb2308,15290.0,0.0,0.0,0.0,4,15290.0,15300.0,5,15285.0,15260.0,15320.0,15260.0,94.0,7194525.0,2291
2023-05-10 21:55:43,pb2308,pb2308,15290.0,0.0,0.0,0.0,3,15290.0,15300.0,5,15285.0,15260.0,15320.0,15260.0,94.0,7194525.0,2291
2023-05-10 21:56:46,pb2308,pb2308,15290.0,4.0,305800.0,-1.0,9,15285.0,15290.0,8,15285.0,15260.0,15320.0,15260.0,98.0,7500325.0,2290
2023-05-10 21:56:47,pb2308,pb2308,15290.0,8.0,611600.0,-5.0,2,15290.0,15295.0,1,15285.0,15260.0,15320.0,15260.0,106.0,8111925.0,2285
2023-05-10 21:56:47,pb2308,pb2308,15290.0,0.0,0.0,0.0,1,15290.0,15295.0,2,15285.0,15260.0,15320.0,15260.0,106.0,8111925.0,2285
2023-05-10 21:56:57,pb2308,pb2308,15290.0,1.0,76450.0,-1.0,9,15285.0,15290.0,1,15285.0,15260.0,15320.0,15260.0,107.0,8188375.0,2284
2023-05-10 21:56:58,pb2308,pb2308,15290.0,1.0,76450.0,-1.0,2,15290.0,15295.0,2,15285.0,15260.0,15320.0,15260.0,108.0,8264825.0,2283
2023-05-10 21:56:58,pb2308,pb2308,15290.0,0.0,0.0,0.0,1,15290.0,15295.0,2,15285.0,15260.0,15320.0,15260.0,108.0,8264825.0,2283
2023-05-10 21:57:01,pb2308,pb2308,15290.0,1.0,76450.0,-1.0,9,15285.0,15290.0,1,15285.0,15260.0,15320.0,15260.0,109.0,8341275.0,2282
2023-05-10 21:57:02,pb2308,pb2308,15290.0,1.0,76450.0,0.0,2,15290.0,15295.0,2,15285.0,15260.0,15320.0,15260.0,110.0,8417725.0,2282
2023-05-10 21:57:02,pb2308,pb2308,15290.0,0.0,0.0,0.0,9,15285.0,15295.0,2,15285.0,15260.0,15320.0,15260.0,110.0,8417725.0,2282
2023-05-10 21:57:05,pb2308,pb2308,15290.0,0.0,0.0,0.0,8,15285.0,15295.0,2,15285.0,15260.0,15320.0,15260.0,110.0,8417725.0,2282
2023-05-10 21:57:09,pb2308,pb2308,15290.0,0.0,0.0,0.0,8,15285.0,15295.0,2,15285.0,15260.0,15320.0,15260.0,110.0,8417725.0,2282
2023-05-10 21:58:41,pb2308,pb2308,15290.0,0.0,0.0,0.0,1,15290.0,15295.0,2,15285.0,15260.0,15320.0,15260.0,110.0,8417725.0,2282
2023-05-10 21:58:42,pb2308,pb2308,15290.0,1.0,76450.0,-1.0,8,15285.0,15295.0,2,15285.0,15260.0,15320.0,15260.0,111.0,8494175.0,2281
2023-05-10 21:58:47,pb2308,pb2308,15290.0,0.0,0.0,0.0,8,15285.0,15290.0,1,15285.0,15260.0,15320.0,15260.0,111.0,8494175.0,2281
2023-05-10 21:58:48,pb2308,pb2308,15290.0,1.0,76450.0,1.0,2,15290.0,15295.0,2,15285.0,15260.0,15320.0,15260.0,112.0,8570625.0,2282
2023-05-10 21:58:48,pb2308,pb2308,15290.0,0.0,0.0,0.0,8,15285.0,15295.0,2,15285.0,15260.0,15320.0,15260.0,112.0,8570625.0,2282
2023-05-10 21:58:52,pb2308,pb2308,15290.0,0.0,0.0,0.0,1,15290.0,15295.0,2,15285.0,15260.0,15320.0,15260.0,112.0,8570625.0,2282
2023-05-10 21:59:15,pb2308,pb2308,15290.0,0.0,0.0,0.0,2,15290.0,15295.0,2,15285.0,15260.0,15320.0,15260.0,112.0,8570625.0,2282
2023-05-10 21:59:55,pb2308,pb2308,15290.0,0.0,0.0,0.0,1,15290.0,15295.0,2,15285.0,15260.0,15320.0,15260.0,112.0,8570625.0,2282
2023-05-10 22:00:11,pb2308,pb2308,15290.0,0.0,0.0,0.0,1,15290.0,15295.0,2,15285.0,15260.0,15320.0,15260.0,112.0,8570625.0,2282
2023-05-10 22:02:09,pb2308,pb2308,15290.0,0.0,0.0,0.0,1,15290.0,15295.0,1,15285.0,15260.0,15320.0,15260.0,112.0,8570625.0,2282
2023-05-10 22:03:56,pb2308,pb2308,15290.0,0.0,0.0,0.0,3,15290.0,15295.0,1,15285.0,15260.0,15320.0,15260.0,112.0,8570625.0,2282
2023-05-10 22:03:57,pb2308,pb2308,15290.0,0.0,0.0,0.0,1,15290.0,15295.0,1,15285.0,15260.0,15320.0,15260.0,112.0,8570625.0,2282
2023-05-10 22:05:35,pb2308,pb2308,15290.0,0.0,0.0,0.0,1,15290.0,15300.0,1,15285.0,15260.0,15320.0,15260.0,112.0,8570625.0,2282
2023-05-10 22:05:36,pb2308,pb2308,15290.0,0.0,0.0,0.0,8,15290.0,15300.0,1,15285.0,15260.0,15320.0,15260.0,112.0,8570625.0,2282
2023-05-10 22:05:38,pb2308,pb2308,15290.0,0.0,0.0,0.0,1,15295.0,15300.0,1,15285.0,15260.0,15320.0,15260.0,112.0,8570625.0,2282
2023-05-10 22:05:38,pb2308,pb2308,15290.0,0.0,0.0,0.0,1,15295.0,15300.0,1,15285.0,15260.0,15320.0,15260.0,112.0,8570625.0,2282
2023-05-10 22:05:41,pb2308,pb2308,15290.0,0.0,0.0,0.0,4,15295.0,15300.0,1,15285.0,15260.0,15320.0,15260.0,112.0,8570625.0,2282
2023-05-10 22:05:45,pb2308,pb2308,15295.0,1.0,76475.0,-1.0,3,15295.0,15300.0,1,15285.0,15260.0,15320.0,15260.0,113.0,8647100.0,2281
2023-05-10 22:06:22,pb2308,pb2308,15295.0,0.0,0.0,0.0,4,15295.0,15300.0,1,15285.0,15260.0,15320.0,15260.0,113.0,8647100.0,2281
2023-05-10 22:06:25,pb2308,pb2308,15295.0,0.0,0.0,0.0,4,15295.0,15300.0,1,15285.0,15260.0,15320.0,15260.0,113.0,8647100.0,2281
2023-05-10 22:06:37,pb2308,pb2308,15295.0,0.0,0.0,0.0,1,15295.0,15300.0,1,15285.0,15260.0,15320.0,15260.0,113.0,8647100.0,2281
2023-05-10 22:07:02,pb2308,pb2308,15295.0,0.0,0.0,0.0,1,15295.0,15305.0,1,15285.0,15260.0,15320.0,15260.0,113.0,8647100.0,2281
2023-05-10 22:07:02,pb2308,pb2308,15295.0,0.0,0.0,0.0,2,15295.0,15305.0,4,15285.0,15260.0,15320.0,15260.0,113.0,8647100.0,2281
2023-05-10 22:07:03,pb2308,pb2308,15295.0,0.0,0.0,0.0,2,15295.0,15305.0,4,15285.0,15260.0,15320.0,15260.0,113.0,8647100.0,2281
2023-05-10 22:07:10,pb2308,pb2308,15295.0,0.0,0.0,0.0,2,15295.0,15305.0,3,15285.0,15260.0,15320.0,15260.0,113.0,8647100.0,2281
2023-05-10 22:10:15,pb2308,pb2308,15295.0,0.0,0.0,0.0,2,15295.0,15305.0,3,15285.0,15260.0,15320.0,15260.0,113.0,8647100.0,2281
2023-05-10 22:10:15,pb2308,pb2308,15295.0,0.0,0.0,0.0,2,15295.0,15305.0,199,15285.0,15260.0,15320.0,15260.0,113.0,8647100.0,2281
2023-05-10 22:10:16,pb2308,pb2308,15295.0,0.0,0.0,0.0,1,15295.0,15305.0,200,15285.0,15260.0,15320.0,15260.0,113.0,8647100.0,2281
2023-05-10 22:10:16,pb2308,pb2308,15295.0,0.0,0.0,0.0,1,15295.0,15305.0,200,15285.0,15260.0,15320.0,15260.0,113.0,8647100.0,2281
2023-05-10 22:11:33,pb2308,pb2308,15295.0,0.0,0.0,0.0,1,15295.0,15305.0,200,15285.0,15260.0,15320.0,15260.0,113.0,8647100.0,2281
2023-05-10 22:12:52,pb2308,pb2308,15295.0,0.0,0.0,0.0,1,15295.0,15305.0,199,15285.0,15260.0,15320.0,15260.0,113.0,8647100.0,2281
2023-05-10 22:15:50,pb2308,pb2308,15295.0,0.0,0.0,0.0,2,15295.0,15305.0,199,15285.0,15260.0,15320.0,15260.0,113.0,8647100.0,2281
2023-05-10 22:19:09,pb2308,pb2308,15295.0,0.0,0.0,0.0,1,15295.0,15305.0,199,15285.0,15260.0,15320.0,15260.0,113.0,8647100.0,2281
2023-05-10 22:21:21,pb2308,pb2308,15295.0,0.0,0.0,0.0,3,15295.0,15305.0,199,15285.0,15260.0,15320.0,15260.0,113.0,8647100.0,2281
2023-05-10 22:21:24,pb2308,pb2308,15295.0,0.0,0.0,0.0,1,15295.0,15305.0,199,15285.0,15260.0,15320.0,15260.0,113.0,8647100.0,2281
2023-05-10 22:22:12,pb2308,pb2308,15295.0,0.0,0.0,0.0,1,15295.0,15305.0,198,15285.0,15260.0,15320.0,15260.0,113.0,8647100.0,2281
2023-05-10 22:22:12,pb2308,pb2308,15295.0,1.0,76475.0,0.0,2,15290.0,15300.0,2,15285.0,15260.0,15320.0,15260.0,114.0,8723575.0,2281
2023-05-10 22:22:13,pb2308,pb2308,15295.0,0.0,0.0,0.0,1,15290.0,15300.0,17,15285.0,15260.0,15320.0,15260.0,114.0,8723575.0,2281
2023-05-10 22:22:16,pb2308,pb2308,15295.0,0.0,0.0,0.0,3,15290.0,15300.0,17,15285.0,15260.0,15320.0,15260.0,114.0,8723575.0,2281
2023-05-10 22:22:18,pb2308,pb2308,15295.0,0.0,0.0,0.0,1,15290.0,15300.0,17,15285.0,15260.0,15320.0,15260.0,114.0,8723575.0,2281
2023-05-10 22:22:42,pb2308,pb2308,15295.0,0.0,0.0,0.0,2,15290.0,15300.0,15,15285.0,15260.0,15320.0,15260.0,114.0,8723575.0,2281
2023-05-10 22:22:42,pb2308,pb2308,15295.0,0.0,0.0,0.0,9,15290.0,15300.0,15,15285.0,15260.0,15320.0,15260.0,114.0,8723575.0,2281
2023-05-10 22:22:43,pb2308,pb2308,15295.0,0.0,0.0,0.0,9,15290.0,15300.0,15,15285.0,15260.0,15320.0,15260.0,114.0,8723575.0,2281
2023-05-10 22:23:20,pb2308,pb2308,15295.0,0.0,0.0,0.0,2,15295.0,15300.0,15,15285.0,15260.0,15320.0,15260.0,114.0,8723575.0,2281
2023-05-10 22:23:20,pb2308,pb2308,15295.0,0.0,0.0,0.0,16,15295.0,15300.0,15,15285.0,15260.0,15320.0,15260.0,114.0,8723575.0,2281
2023-05-10 22:23:40,pb2308,pb2308,15295.0,0.0,0.0,0.0,14,15295.0,15300.0,15,15285.0,15260.0,15320.0,15260.0,114.0,8723575.0,2281
2023-05-10 22:24:07,pb2308,pb2308,15295.0,0.0,0.0,0.0,14,15295.0,15305.0,2,15285.0,15260.0,15320.0,15260.0,114.0,8723575.0,2281
2023-05-10 22:24:08,pb2308,pb2308,15295.0,0.0,0.0,0.0,15,15295.0,15305.0,1,15285.0,15260.0,15320.0,15260.0,114.0,8723575.0,2281
2023-05-10 22:24:08,pb2308,pb2308,15295.0,0.0,0.0,0.0,15,15295.0,15305.0,1,15285.0,15260.0,15320.0,15260.0,114.0,8723575.0,2281
2023-05-10 22:26:57,pb2308,pb2308,15295.0,0.0,0.0,0.0,15,15295.0,15305.0,197,15285.0,15260.0,15320.0,15260.0,114.0,8723575.0,2281
2023-05-10 22:26:58,pb2308,pb2308,15295.0,0.0,0.0,0.0,14,15295.0,15305.0,199,15285.0,15260.0,15320.0,15260.0,114.0,8723575.0,2281
2023-05-10 22:26:58,pb2308,pb2308,15295.0,0.0,0.0,0.0,14,15295.0,15305.0,199,15285.0,15260.0,15320.0,15260.0,114.0,8723575.0,2281
2023-05-10 22:26:59,pb2308,pb2308,15295.0,0.0,0.0,0.0,14,15295.0,15300.0,2,15285.0,15260.0,15320.0,15260.0,114.0,8723575.0,2281
2023-05-10 22:26:59,pb2308,pb2308,15295.0,0.0,0.0,0.0,14,15295.0,15300.0,12,15285.0,15260.0,15320.0,15260.0,114.0,8723575.0,2281
2023-05-10 22:27:33,pb2308,pb2308,15295.0,0.0,0.0,0.0,14,15295.0,15300.0,12,15285.0,15260.0,15320.0,15260.0,114.0,8723575.0,2281
2023-05-10 22:28:08,pb2308,pb2308,15295.0,0.0,0.0,0.0,14,15295.0,15300.0,11,15285.0,15260.0,15320.0,15260.0,114.0,8723575.0,2281
2023-05-10 22:29:05,pb2308,pb2308,15295.0,0.0,0.0,0.0,14,15295.0,15300.0,12,15285.0,15260.0,15320.0,15260.0,114.0,8723575.0,2281
2023-05-10 22:30:34,pb2308,pb2308,15295.0,0.0,0.0,0.0,14,15295.0,15300.0,13,15285.0,15260.0,15320.0,15260.0,114.0,8723575.0,2281
2023-05-10 22:31:27,pb2308,pb2308,15295.0,0.0,0.0,0.0,14,15295.0,15300.0,12,15285.0,15260.0,15320.0,15260.0,114.0,8723575.0,2281
2023-05-10 22:32:54,pb2308,pb2308,15295.0,1.0,76475.0,0.0,13,15295.0,15300.0,12,15285.0,15260.0,15320.0,15260.0,115.0,8800050.0,2281
2023-05-10 22:33:10,pb2308,pb2308,15295.0,1.0,76475.0,1.0,12,15295.0,15300.0,12,15285.0,15260.0,15320.0,15260.0,116.0,8876525.0,2282
2023-05-10 22:35:02,pb2308,pb2308,15295.0,0.0,0.0,0.0,1,15290.0,15300.0,12,15285.0,15260.0,15320.0,15260.0,116.0,8876525.0,2282
2023-05-10 22:35:19,pb2308,pb2308,15295.0,0.0,0.0,0.0,1,15290.0,15300.0,13,15285.0,15260.0,15320.0,15260.0,116.0,8876525.0,2282
2023-05-10 22:36:22,pb2308,pb2308,15295.0,0.0,0.0,0.0,1,15290.0,15300.0,13,15285.0,15260.0,15320.0,15260.0,116.0,8876525.0,2282
2023-05-10 22:38:37,pb2308,pb2308,15295.0,0.0,0.0,0.0,1,15290.0,15300.0,12,15285.0,15260.0,15320.0,15260.0,116.0,8876525.0,2282
2023-05-10 22:38:47,pb2308,pb2308,15295.0,0.0,0.0,0.0,2,15290.0,15300.0,12,15285.0,15260.0,15320.0,15260.0,116.0,8876525.0,2282
2023-05-10 22:38:48,pb2308,pb2308,15295.0,0.0,0.0,0.0,9,15290.0,15300.0,10,15285.0,15260.0,15320.0,15260.0,116.0,8876525.0,2282
2023-05-10 22:38:48,pb2308,pb2308,15295.0,0.0,0.0,0.0,9,15290.0,15300.0,10,15285.0,15260.0,15320.0,15260.0,116.0,8876525.0,2282
2023-05-10 22:39:09,pb2308,pb2308,15295.0,0.0,0.0,0.0,9,15290.0,15300.0,10,15285.0,15260.0,15320.0,15260.0,116.0,8876525.0,2282
2023-05-10 22:39:10,pb2308,pb2308,15295.0,0.0,0.0,0.0,2,15290.0,15300.0,10,15285.0,15260.0,15320.0,15260.0,116.0,8876525.0,2282
2023-05-10 22:39:10,pb2308,pb2308,15295.0,0.0,0.0,0.0,8,15290.0,15300.0,10,15285.0,15260.0,15320.0,15260.0,116.0,8876525.0,2282
2023-05-10 22:40:12,pb2308,pb2308,15295.0,0.0,0.0,0.0,8,15290.0,15300.0,1,15285.0,15260.0,15320.0,15260.0,116.0,8876525.0,2282
2023-05-10 22:40:49,pb2308,pb2308,15295.0,0.0,0.0,0.0,8,15290.0,15300.0,1,15285.0,15260.0,15320.0,15260.0,116.0,8876525.0,2282
2023-05-10 22:48:56,pb2308,pb2308,15295.0,0.0,0.0,0.0,1,15295.0,15300.0,1,15285.0,15260.0,15320.0,15260.0,116.0,8876525.0,2282
2023-05-10 22:48:57,pb2308,pb2308,15295.0,0.0,0.0,0.0,4,15295.0,15300.0,1,15285.0,15260.0,15320.0,15260.0,116.0,8876525.0,2282
2023-05-10 22:50:11,pb2308,pb2308,15295.0,0.0,0.0,0.0,3,15295.0,15300.0,3,15285.0,15260.0,15320.0,15260.0,116.0,8876525.0,2282
2023-05-10 22:50:12,pb2308,pb2308,15295.0,0.0,0.0,0.0,3,15295.0,15300.0,3,15285.0,15260.0,15320.0,15260.0,116.0,8876525.0,2282
2023-05-10 22:55:37,pb2308,pb2308,15295.0,0.0,0.0,0.0,2,15295.0,15300.0,3,15285.0,15260.0,15320.0,15260.0,116.0,8876525.0,2282
2023-05-10 22:56:04,pb2308,pb2308,15295.0,0.0,0.0,0.0,2,15295.0,15300.0,3,15285.0,15260.0,15320.0,15260.0,116.0,8876525.0,2282
2023-05-10 22:56:48,pb2308,pb2308,15295.0,0.0,0.0,0.0,2,15295.0,15300.0,3,15285.0,15260.0,15320.0,15260.0,116.0,8876525.0,2282
2023-05-10 22:59:01,pb2308,pb2308,15295.0,0.0,0.0,0.0,2,15295.0,15300.0,3,15285.0,15260.0,15320.0,15260.0,116.0,8876525.0,2282
2023-05-10 23:00:01,pb2308,pb2308,15295.0,0.0,0.0,0.0,8,15290.0,15300.0,3,15285.0,15260.0,15320.0,15260.0,116.0,8876525.0,2282
2023-05-10 23:00:01,pb2308,pb2308,15295.0,0.0,0.0,0.0,7,15290.0,15300.0,3,15285.0,15260.0,15320.0,15260.0,116.0,8876525.0,2282
2023-05-10 23:03:11,pb2308,pb2308,15295.0,0.0,0.0,0.0,8,15290.0,15300.0,3,15285.0,15260.0,15320.0,15260.0,116.0,8876525.0,2282
2023-05-10 23:03:31,pb2308,pb2308,15295.0,0.0,0.0,0.0,8,15290.0,15300.0,1,15285.0,15260.0,15320.0,15260.0,116.0,8876525.0,2282
2023-05-10 23:03:31,pb2308,pb2308,15300.0,1.0,76500.0,1.0,3,15300.0,15305.0,1,15285.0,15260.0,15320.0,15260.0,117.0,8953025.0,2283
2023-05-10 23:03:32,pb2308,pb2308,15305.0,1.0,76525.0,-1.0,1,15305.0,15310.0,1,15285.0,15260.0,15320.0,15260.0,118.0,9029550.0,2282
2023-05-10 23:03:32,pb2308,pb2308,15305.0,1.0,76525.0,-1.0,2,15300.0,15310.0,2,15285.0,15260.0,15320.0,15260.0,119.0,9106075.0,2281
2023-05-10 23:03:33,pb2308,pb2308,15305.0,0.0,0.0,0.0,2,15300.0,15310.0,2,15285.0,15260.0,15320.0,15260.0,119.0,9106075.0,2281
2023-05-10 23:05:07,pb2308,pb2308,15305.0,0.0,0.0,0.0,1,15300.0,15310.0,2,15285.0,15260.0,15320.0,15260.0,119.0,9106075.0,2281
2023-05-10 23:05:08,pb2308,pb2308,15305.0,0.0,0.0,0.0,1,15295.0,15305.0,2,15285.0,15260.0,15320.0,15260.0,119.0,9106075.0,2281
2023-05-10 23:05:08,pb2308,pb2308,15305.0,0.0,0.0,0.0,1,15295.0,15305.0,4,15285.0,15260.0,15320.0,15260.0,119.0,9106075.0,2281
2023-05-10 23:05:09,pb2308,pb2308,15305.0,0.0,0.0,0.0,1,15295.0,15305.0,4,15285.0,15260.0,15320.0,15260.0,119.0,9106075.0,2281
2023-05-10 23:05:21,pb2308,pb2308,15305.0,0.0,0.0,0.0,1,15295.0,15305.0,1,15285.0,15260.0,15320.0,15260.0,119.0,9106075.0,2281
2023-05-10 23:05:21,pb2308,pb2308,15305.0,0.0,0.0,0.0,9,15295.0,15305.0,1,15285.0,15260.0,15320.0,15260.0,119.0,9106075.0,2281
2023-05-10 23:07:56,pb2308,pb2308,15305.0,0.0,0.0,0.0,4,15300.0,15305.0,1,15285.0,15260.0,15320.0,15260.0,119.0,9106075.0,2281
2023-05-10 23:07:56,pb2308,pb2308,15305.0,0.0,0.0,0.0,4,15300.0,15305.0,1,15285.0,15260.0,15320.0,15260.0,119.0,9106075.0,2281
2023-05-10 23:07:57,pb2308,pb2308,15305.0,0.0,0.0,0.0,5,15300.0,15305.0,1,15285.0,15260.0,15320.0,15260.0,119.0,9106075.0,2281
2023-05-10 23:07:58,pb2308,pb2308,15305.0,0.0,0.0,0.0,1,15300.0,15305.0,1,15285.0,15260.0,15320.0,15260.0,119.0,9106075.0,2281
2023-05-10 23:09:04,pb2308,pb2308,15305.0,1.0,76525.0,0.0,1,15300.0,15310.0,1,15285.0,15260.0,15320.0,15260.0,120.0,9182600.0,2281
2023-05-10 23:09:05,pb2308,pb2308,15305.0,0.0,0.0,0.0,2,15300.0,15310.0,3,15285.0,15260.0,15320.0,15260.0,120.0,9182600.0,2281
2023-05-10 23:09:13,pb2308,pb2308,15305.0,0.0,0.0,0.0,1,15300.0,15305.0,1,15285.0,15260.0,15320.0,15260.0,120.0,9182600.0,2281
2023-05-10 23:09:14,pb2308,pb2308,15305.0,0.0,0.0,0.0,2,15295.0,15305.0,2,15285.0,15260.0,15320.0,15260.0,120.0,9182600.0,2281
2023-05-10 23:09:14,pb2308,pb2308,15305.0,0.0,0.0,0.0,1,15295.0,15305.0,2,15285.0,15260.0,15320.0,15260.0,120.0,9182600.0,2281
2023-05-10 23:12:21,pb2308,pb2308,15305.0,0.0,0.0,0.0,2,15295.0,15305.0,1,15285.0,15260.0,15320.0,15260.0,120.0,9182600.0,2281
2023-05-10 23:12:21,pb2308,pb2308,15305.0,0.0,0.0,0.0,9,15295.0,15305.0,1,15285.0,15260.0,15320.0,15260.0,120.0,9182600.0,2281
2023-05-10 23:12:22,pb2308,pb2308,15305.0,0.0,0.0,0.0,2,15295.0,15305.0,1,15285.0,15260.0,15320.0,15260.0,120.0,9182600.0,2281
2023-05-10 23:12:23,pb2308,pb2308,15305.0,0.0,0.0,0.0,2,15295.0,15305.0,3,15285.0,15260.0,15320.0,15260.0,120.0,9182600.0,2281
2023-05-10 23:14:55,pb2308,pb2308,15305.0,0.0,0.0,0.0,2,15295.0,15305.0,3,15285.0,15260.0,15320.0,15260.0,120.0,9182600.0,2281
2023-05-10 23:16:46,pb2308,pb2308,15305.0,0.0,0.0,0.0,1,15295.0,15305.0,3,15285.0,15260.0,15320.0,15260.0,120.0,9182600.0,2281
2023-05-10 23:18:21,pb2308,pb2308,15305.0,0.0,0.0,0.0,1,15295.0,15305.0,3,15285.0,15260.0,15320.0,15260.0,120.0,9182600.0,2281
2023-05-10 23:23:55,pb2308,pb2308,15305.0,0.0,0.0,0.0,2,15295.0,15305.0,3,15285.0,15260.0,15320.0,15260.0,120.0,9182600.0,2281
2023-05-10 23:25:01,pb2308,pb2308,15305.0,0.0,0.0,0.0,1,15295.0,15305.0,3,15285.0,15260.0,15320.0,15260.0,120.0,9182600.0,2281
2023-05-10 23:25:27,pb2308,pb2308,15305.0,0.0,0.0,0.0,1,15295.0,15305.0,4,15285.0,15260.0,15320.0,15260.0,120.0,9182600.0,2281
2023-05-10 23:26:26,pb2308,pb2308,15305.0,0.0,0.0,0.0,1,15295.0,15305.0,4,15285.0,15260.0,15320.0,15260.0,120.0,9182600.0,2281
2023-05-10 23:31:10,pb2308,pb2308,15305.0,0.0,0.0,0.0,1,15295.0,15305.0,3,15285.0,15260.0,15320.0,15260.0,120.0,9182600.0,2281
2023-05-10 23:31:30,pb2308,pb2308,15305.0,0.0,0.0,0.0,2,15295.0,15305.0,3,15285.0,15260.0,15320.0,15260.0,120.0,9182600.0,2281
2023-05-10 23:32:45,pb2308,pb2308,15305.0,0.0,0.0,0.0,1,15295.0,15305.0,3,15285.0,15260.0,15320.0,15260.0,120.0,9182600.0,2281
2023-05-10 23:34:19,pb2308,pb2308,15305.0,0.0,0.0,0.0,1,15295.0,15305.0,4,15285.0,15260.0,15320.0,15260.0,120.0,9182600.0,2281
2023-05-10 23:34:39,pb2308,pb2308,15305.0,0.0,0.0,0.0,6,15290.0,15305.0,4,15285.0,15260.0,15320.0,15260.0,120.0,9182600.0,2281
2023-05-10 23:34:39,pb2308,pb2308,15300.0,1.0,76500.0,0.0,5,15290.0,15300.0,2,15285.0,15260.0,15320.0,15260.0,121.0,9259100.0,2281
2023-05-10 23:34:40,pb2308,pb2308,15300.0,0.0,0.0,0.0,5,15290.0,15300.0,4,15285.0,15260.0,15320.0,15260.0,121.0,9259100.0,2281
2023-05-10 23:34:40,pb2308,pb2308,15300.0,0.0,0.0,0.0,5,15290.0,15300.0,4,15285.0,15260.0,15320.0,15260.0,121.0,9259100.0,2281
2023-05-10 23:35:00,pb2308,pb2308,15300.0,0.0,0.0,0.0,5,15290.0,15300.0,4,15285.0,15260.0,15320.0,15260.0,121.0,9259100.0,2281
2023-05-10 23:40:06,pb2308,pb2308,15300.0,0.0,0.0,0.0,5,15290.0,15300.0,4,15285.0,15260.0,15320.0,15260.0,121.0,9259100.0,2281
2023-05-10 23:40:44,pb2308,pb2308,15300.0,0.0,0.0,0.0,5,15290.0,15300.0,3,15285.0,15260.0,15320.0,15260.0,121.0,9259100.0,2281
2023-05-10 23:46:10,pb2308,pb2308,15300.0,0.0,0.0,0.0,6,15290.0,15300.0,3,15285.0,15260.0,15320.0,15260.0,121.0,9259100.0,2281
2023-05-10 23:54:56,pb2308,pb2308,15300.0,0.0,0.0,0.0,5,15290.0,15300.0,4,15285.0,15260.0,15320.0,15260.0,121.0,9259100.0,2281
2023-05-10 23:55:42,pb2308,pb2308,15300.0,0.0,0.0,0.0,5,15290.0,15300.0,3,15285.0,15260.0,15320.0,15260.0,121.0,9259100.0,2281
2023-05-11 00:02:14,pb2308,pb2308,15300.0,0.0,0.0,0.0,5,15290.0,15300.0,4,15285.0,15260.0,15320.0,15260.0,121.0,9259100.0,2281
2023-05-11 00:25:09,pb2308,pb2308,15300.0,0.0,0.0,0.0,6,15290.0,15300.0,3,15285.0,15260.0,15320.0,15260.0,121.0,9259100.0,2281
2023-05-11 00:27:25,pb2308,pb2308,15300.0,0.0,0.0,0.0,5,15290.0,15300.0,4,15285.0,15260.0,15320.0,15260.0,121.0,9259100.0,2281
2023-05-11 00:35:49,pb2308,pb2308,15300.0,0.0,0.0,0.0,6,15290.0,15300.0,3,15285.0,15260.0,15320.0,15260.0,121.0,9259100.0,2281
2023-05-11 00:45:49,pb2308,pb2308,15300.0,0.0,0.0,0.0,6,15290.0,15300.0,3,15285.0,15260.0,15320.0,15260.0,121.0,9259100.0,2281
2023-05-11 00:56:36,pb2308,pb2308,15300.0,0.0,0.0,0.0,6,15290.0,15300.0,3,15285.0,15260.0,15320.0,15260.0,121.0,9259100.0,2281
2023-05-11 00:56:47,pb2308,pb2308,15300.0,0.0,0.0,0.0,5,15290.0,15300.0,4,15285.0,15260.0,15320.0,15260.0,121.0,9259100.0,2281
2023-05-11 00:58:39,pb2308,pb2308,15300.0,0.0,0.0,0.0,6,15290.0,15300.0,3,15285.0,15260.0,15320.0,15260.0,121.0,9259100.0,2281
2023-05-11 00:58:43,pb2308,pb2308,15300.0,0.0,0.0,0.0,11,15290.0,15300.0,1,15285.0,15260.0,15320.0,15260.0,121.0,9259100.0,2281
2023-05-11 00:58:43,pb2308,pb2308,15300.0,0.0,0.0,0.0,11,15290.0,15300.0,1,15285.0,15260.0,15320.0,15260.0,121.0,9259100.0,2281
2023-05-11 00:58:58,pb2308,pb2308,15300.0,0.0,0.0,0.0,10,15290.0,15300.0,1,15285.0,15260.0,15320.0,15260.0,121.0,9259100.0,2281
2023-05-11 00:59:00,pb2308,pb2308,15300.0,0.0,0.0,0.0,10,15290.0,15300.0,1,15285.0,15260.0,15320.0,15260.0,121.0,9259100.0,2281
2023-05-11 00:59:01,pb2308,pb2308,15300.0,0.0,0.0,0.0,10,15290.0,15300.0,1,15285.0,15260.0,15320.0,15260.0,121.0,9259100.0,2281
2023-05-11 00:59:28,pb2308,pb2308,15300.0,0.0,0.0,0.0,9,15290.0,15300.0,1,15285.0,15260.0,15320.0,15260.0,121.0,9259100.0,2281
2023-05-11 00:59:29,pb2308,pb2308,15300.0,0.0,0.0,0.0,9,15290.0,15305.0,1,15285.0,15260.0,15320.0,15260.0,121.0,9259100.0,2281
2023-05-11 00:59:30,pb2308,pb2308,15300.0,0.0,0.0,0.0,9,15290.0,15305.0,4,15285.0,15260.0,15320.0,15260.0,121.0,9259100.0,2281
2023-05-11 00:59:30,pb2308,pb2308,15300.0,0.0,0.0,0.0,5,15295.0,15305.0,1,15285.0,15260.0,15320.0,15260.0,121.0,9259100.0,2281
2023-05-11 00:59:31,pb2308,pb2308,15300.0,0.0,0.0,0.0,5,15295.0,15305.0,1,15285.0,15260.0,15320.0,15260.0,121.0,9259100.0,2281
2023-05-11 00:59:33,pb2308,pb2308,15300.0,0.0,0.0,0.0,5,15295.0,15315.0,1,15285.0,15260.0,15320.0,15260.0,121.0,9259100.0,2281
2023-05-11 00:59:34,pb2308,pb2308,15300.0,0.0,0.0,0.0,5,15295.0,15310.0,3,15285.0,15260.0,15320.0,15260.0,121.0,9259100.0,2281
2023-05-11 00:59:44,pb2308,pb2308,15300.0,0.0,0.0,0.0,5,15295.0,15315.0,5,15285.0,15260.0,15320.0,15260.0,121.0,9259100.0,2281
2023-05-11 00:59:45,pb2308,pb2308,15300.0,0.0,0.0,0.0,5,15295.0,15315.0,5,15285.0,15260.0,15320.0,15260.0,121.0,9259100.0,2281
2023-05-11 00:59:45,pb2308,pb2308,15300.0,0.0,0.0,0.0,5,15290.0,15320.0,2,15285.0,15260.0,15320.0,15260.0,121.0,9259100.0,2281
2023-05-11 00:59:46,pb2308,pb2308,15300.0,0.0,0.0,0.0,4,15290.0,15320.0,2,15285.0,15260.0,15320.0,15260.0,121.0,9259100.0,2281
2023-05-11 00:59:46,pb2308,pb2308,15300.0,0.0,0.0,0.0,4,15290.0,15320.0,2,15285.0,15260.0,15320.0,15260.0,121.0,9259100.0,2281
2023-05-11 00:59:47,pb2308,pb2308,15300.0,0.0,0.0,0.0,4,15290.0,15320.0,2,15285.0,15260.0,15320.0,15260.0,121.0,9259100.0,2281
2023-05-11 00:59:49,pb2308,pb2308,15300.0,0.0,0.0,0.0,4,15290.0,15320.0,1,15285.0,15260.0,15320.0,15260.0,121.0,9259100.0,2281
2023-05-11 00:59:58,pb2308,pb2308,15300.0,0.0,0.0,0.0,4,15290.0,15320.0,1,15285.0,15260.0,15320.0,15260.0,121.0,9259100.0,2281
2023-05-11 09:00:00,pb2308,pb2308,15300.0,0.0,0.0,0.0,4,15290.0,15315.0,50,15285.0,15260.0,15320.0,15260.0,121.0,9259100.0,2281
2023-05-11 09:00:01,pb2308,pb2308,15300.0,0.0,0.0,0.0,4,15290.0,15315.0,50,15285.0,15260.0,15320.0,15260.0,121.0,9259100.0,2281
2023-05-11 09:00:03,pb2308,pb2308,15300.0,0.0,0.0,0.0,4,15290.0,15310.0,2,15285.0,15260.0,15320.0,15260.0,121.0,9259100.0,2281
2023-05-11 09:00:03,pb2308,pb2308,15300.0,0.0,0.0,0.0,4,15290.0,15305.0,2,15285.0,15260.0,15320.0,15260.0,121.0,9259100.0,2281
2023-05-11 09:00:04,pb2308,pb2308,15300.0,0.0,0.0,0.0,4,15290.0,15305.0,2,15285.0,15260.0,15320.0,15260.0,121.0,9259100.0,2281
2023-05-11 09:00:04,pb2308,pb2308,15300.0,0.0,0.0,0.0,4,15290.0,15315.0,50,15285.0,15260.0,15320.0,15260.0,121.0,9259100.0,2281
2023-05-11 09:00:05,pb2308,pb2308,15300.0,0.0,0.0,0.0,9,15290.0,15310.0,7,15285.0,15260.0,15320.0,15260.0,121.0,9259100.0,2281
2023-05-11 09:00:05,pb2308,pb2308,15300.0,0.0,0.0,0.0,4,15290.0,15300.0,3,15285.0,15260.0,15320.0,15260.0,121.0,9259100.0,2281
2023-05-11 09:00:06,pb2308,pb2308,15300.0,0.0,0.0,0.0,4,15290.0,15300.0,3,15285.0,15260.0,15320.0,15260.0,121.0,9259100.0,2281
2023-05-11 09:00:07,pb2308,pb2308,15300.0,0.0,0.0,0.0,4,15290.0,15300.0,4,15285.0,15260.0,15320.0,15260.0,121.0,9259100.0,2281
2023-05-11 09:00:30,pb2308,pb2308,15300.0,0.0,0.0,0.0,4,15290.0,15300.0,4,15285.0,15260.0,15320.0,15260.0,121.0,9259100.0,2281
2023-05-11 09:00:32,pb2308,pb2308,15290.0,4.0,305800.0,0.0,1,15260.0,15300.0,4,15285.0,15260.0,15320.0,15260.0,125.0,9564900.0,2281
2023-05-11 09:00:32,pb2308,pb2308,15290.0,0.0,0.0,0.0,7,15285.0,15300.0,4,15285.0,15260.0,15320.0,15260.0,125.0,9564900.0,2281
2023-05-11 09:00:33,pb2308,pb2308,15290.0,0.0,0.0,0.0,7,15285.0,15300.0,4,15285.0,15260.0,15320.0,15260.0,125.0,9564900.0,2281
2023-05-11 09:00:33,pb2308,pb2308,15290.0,0.0,0.0,0.0,7,15285.0,15300.0,6,15285.0,15260.0,15320.0,15260.0,125.0,9564900.0,2281
2023-05-11 09:00:34,pb2308,pb2308,15290.0,0.0,0.0,0.0,7,15285.0,15300.0,2,15285.0,15260.0,15320.0,15260.0,125.0,9564900.0,2281
2023-05-11 09:00:35,pb2308,pb2308,15290.0,0.0,0.0,0.0,7,15285.0,15300.0,5,15285.0,15260.0,15320.0,15260.0,125.0,9564900.0,2281
2023-05-11 09:00:38,pb2308,pb2308,15290.0,0.0,0.0,0.0,10,15290.0,15300.0,5,15285.0,15260.0,15320.0,15260.0,125.0,9564900.0,2281
2023-05-11 09:00:39,pb2308,pb2308,15290.0,0.0,0.0,0.0,10,15290.0,15300.0,5,15285.0,15260.0,15320.0,15260.0,125.0,9564900.0,2281
2023-05-11 09:00:40,pb2308,pb2308,15290.0,0.0,0.0,0.0,10,15290.0,15300.0,2,15285.0,15260.0,15320.0,15260.0,125.0,9564900.0,2281
2023-05-11 09:00:41,pb2308,pb2308,15300.0,2.0,153000.0,0.0,2,15300.0,15315.0,52,15285.0,15260.0,15320.0,15260.0,127.0,9717900.0,2281
2023-05-11 09:00:41,pb2308,pb2308,15300.0,0.0,0.0,0.0,2,15300.0,15305.0,2,15285.0,15260.0,15320.0,15260.0,127.0,9717900.0,2281
2023-05-11 09:00:42,pb2308,pb2308,15300.0,0.0,0.0,0.0,2,15300.0,15305.0,5,15285.0,15260.0,15320.0,15260.0,127.0,9717900.0,2281
2023-05-11 09:00:43,pb2308,pb2308,15300.0,2.0,153000.0,2.0,18,15290.0,15305.0,5,15285.0,15260.0,15320.0,15260.0,129.0,9870900.0,2283
2023-05-11 09:00:44,pb2308,pb2308,15300.0,0.0,0.0,0.0,12,15290.0,15300.0,4,15285.0,15260.0,15320.0,15260.0,129.0,9870900.0,2283
2023-05-11 09:00:45,pb2308,pb2308,15300.0,0.0,0.0,0.0,12,15290.0,15300.0,6,15285.0,15260.0,15320.0,15260.0,129.0,9870900.0,2283
2023-05-11 09:00:52,pb2308,pb2308,15300.0,0.0,0.0,0.0,18,15290.0,15300.0,2,15285.0,15260.0,15320.0,15260.0,129.0,9870900.0,2283
2023-05-11 09:00:55,pb2308,pb2308,15300.0,0.0,0.0,0.0,18,15290.0,15305.0,2,15285.0,15260.0,15320.0,15260.0,129.0,9870900.0,2283
2023-05-11 09:00:55,pb2308,pb2308,15300.0,0.0,0.0,0.0,18,15290.0,15305.0,5,15285.0,15260.0,15320.0,15260.0,129.0,9870900.0,2283
2023-05-11 09:01:12,pb2308,pb2308,15300.0,0.0,0.0,0.0,19,15290.0,15305.0,5,15285.0,15260.0,15320.0,15260.0,129.0,9870900.0,2283
2023-05-11 09:01:12,pb2308,pb2308,15300.0,0.0,0.0,0.0,19,15290.0,15305.0,5,15285.0,15260.0,15320.0,15260.0,129.0,9870900.0,2283
2023-05-11 09:01:35,pb2308,pb2308,15300.0,0.0,0.0,0.0,12,15290.0,15300.0,1,15285.0,15260.0,15320.0,15260.0,129.0,9870900.0,2283
2023-05-11 09:01:36,pb2308,pb2308,15300.0,0.0,0.0,0.0,12,15290.0,15300.0,7,15285.0,15260.0,15320.0,15260.0,129.0,9870900.0,2283
2023-05-11 09:01:42,pb2308,pb2308,15300.0,0.0,0.0,0.0,2,15290.0,15300.0,7,15285.0,15260.0,15320.0,15260.0,129.0,9870900.0,2283
2023-05-11 09:03:15,pb2308,pb2308,15300.0,0.0,0.0,0.0,3,15290.0,15300.0,3,15285.0,15260.0,15320.0,15260.0,129.0,9870900.0,2283
2023-05-11 09:03:15,pb2308,pb2308,15300.0,0.0,0.0,0.0,10,15290.0,15300.0,3,15285.0,15260.0,15320.0,15260.0,129.0,9870900.0,2283
2023-05-11 09:03:17,pb2308,pb2308,15300.0,0.0,0.0,0.0,3,15290.0,15300.0,3,15285.0,15260.0,15320.0,15260.0,129.0,9870900.0,2283
2023-05-11 09:03:17,pb2308,pb2308,15300.0,0.0,0.0,0.0,9,15290.0,15300.0,3,15285.0,15260.0,15320.0,15260.0,129.0,9870900.0,2283
2023-05-11 09:03:18,pb2308,pb2308,15300.0,0.0,0.0,0.0,3,15290.0,15300.0,6,15285.0,15260.0,15320.0,15260.0,129.0,9870900.0,2283
2023-05-11 09:03:18,pb2308,pb2308,15300.0,0.0,0.0,0.0,3,15290.0,15300.0,3,15285.0,15260.0,15320.0,15260.0,129.0,9870900.0,2283
2023-05-11 09:03:21,pb2308,pb2308,15300.0,0.0,0.0,0.0,2,15290.0,15300.0,3,15285.0,15260.0,15320.0,15260.0,129.0,9870900.0,2283
2023-05-11 09:04:07,pb2308,pb2308,15300.0,0.0,0.0,0.0,3,15300.0,15305.0,2,15285.0,15260.0,15320.0,15260.0,129.0,9870900.0,2283
2023-05-11 09:04:07,pb2308,pb2308,15300.0,0.0,0.0,0.0,1,15300.0,15305.0,2,15285.0,15260.0,15320.0,15260.0,129.0,9870900.0,2283
2023-05-11 09:04:08,pb2308,pb2308,15300.0,0.0,0.0,0.0,3,15290.0,15305.0,2,15285.0,15260.0,15320.0,15260.0,129.0,9870900.0,2283
2023-05-11 09:04:08,pb2308,pb2308,15300.0,0.0,0.0,0.0,10,15290.0,15305.0,5,15285.0,15260.0,15320.0,15260.0,129.0,9870900.0,2283
2023-05-11 09:04:09,pb2308,pb2308,15300.0,0.0,0.0,0.0,10,15290.0,15305.0,2,15285.0,15260.0,15320.0,15260.0,129.0,9870900.0,2283
2023-05-11 09:04:09,pb2308,pb2308,15300.0,0.0,0.0,0.0,10,15290.0,15305.0,6,15285.0,15260.0,15320.0,15260.0,129.0,9870900.0,2283
2023-05-11 09:04:19,pb2308,pb2308,15300.0,0.0,0.0,0.0,10,15290.0,15305.0,6,15285.0,15260.0,15320.0,15260.0,129.0,9870900.0,2283
2023-05-11 09:04:22,pb2308,pb2308,15300.0,0.0,0.0,0.0,10,15290.0,15300.0,5,15285.0,15260.0,15320.0,15260.0,129.0,9870900.0,2283
2023-05-11 09:04:22,pb2308,pb2308,15300.0,0.0,0.0,0.0,10,15290.0,15300.0,5,15285.0,15260.0,15320.0,15260.0,129.0,9870900.0,2283
2023-05-11 09:04:29,pb2308,pb2308,15300.0,0.0,0.0,0.0,9,15290.0,15300.0,5,15285.0,15260.0,15320.0,15260.0,129.0,9870900.0,2283
2023-05-11 09:04:32,pb2308,pb2308,15300.0,0.0,0.0,0.0,2,15295.0,15300.0,5,15285.0,15260.0,15320.0,15260.0,129.0,9870900.0,2283
2023-05-11 09:04:33,pb2308,pb2308,15300.0,0.0,0.0,0.0,4,15295.0,15300.0,5,15285.0,15260.0,15320.0,15260.0,129.0,9870900.0,2283
2023-05-11 09:04:40,pb2308,pb2308,15300.0,0.0,0.0,0.0,2,15295.0,15300.0,5,15285.0,15260.0,15320.0,15260.0,129.0,9870900.0,2283
2023-05-11 09:05:02,pb2308,pb2308,15300.0,0.0,0.0,0.0,2,15295.0,15300.0,7,15285.0,15260.0,15320.0,15260.0,129.0,9870900.0,2283
2023-05-11 09:05:33,pb2308,pb2308,15300.0,0.0,0.0,0.0,9,15290.0,15300.0,7,15285.0,15260.0,15320.0,15260.0,129.0,9870900.0,2283
2023-05-11 09:05:47,pb2308,pb2308,15300.0,0.0,0.0,0.0,5,15295.0,15300.0,7,15285.0,15260.0,15320.0,15260.0,129.0,9870900.0,2283
2023-05-11 09:05:54,pb2308,pb2308,15300.0,0.0,0.0,0.0,9,15290.0,15300.0,7,15285.0,15260.0,15320.0,15260.0,129.0,9870900.0,2283
2023-05-11 09:06:53,pb2308,pb2308,15300.0,0.0,0.0,0.0,5,15295.0,15300.0,7,15285.0,15260.0,15320.0,15260.0,129.0,9870900.0,2283
2023-05-11 09:07:13,pb2308,pb2308,15300.0,0.0,0.0,0.0,9,15290.0,15300.0,7,15285.0,15260.0,15320.0,15260.0,129.0,9870900.0,2283
2023-05-11 09:07:39,pb2308,pb2308,15300.0,7.0,535500.0,0.0,3,15300.0,15305.0,2,15285.0,15260.0,15320.0,15260.0,136.0,10406400.0,2283
2023-05-11 09:07:40,pb2308,pb2308,15300.0,2.0,153000.0,2.0,2,15295.0,15305.0,3,15285.0,15260.0,15320.0,15260.0,138.0,10559400.0,2285
2023-05-11 09:07:40,pb2308,pb2308,15300.0,0.0,0.0,0.0,11,15295.0,15305.0,2,15285.0,15260.0,15320.0,15260.0,138.0,10559400.0,2285
2023-05-11 09:07:41,pb2308,pb2308,15300.0,0.0,0.0,0.0,11,15295.0,15305.0,2,15285.0,15260.0,15320.0,15260.0,138.0,10559400.0,2285
2023-05-11 09:07:42,pb2308,pb2308,15300.0,0.0,0.0,0.0,11,15295.0,15305.0,2,15285.0,15260.0,15320.0,15260.0,138.0,10559400.0,2285
2023-05-11 09:07:43,pb2308,pb2308,15300.0,2.0,153000.0,-2.0,9,15295.0,15300.0,3,15285.0,15260.0,15320.0,15260.0,140.0,10712400.0,2283
2023-05-11 09:07:44,pb2308,pb2308,15300.0,3.0,229500.0,0.0,3,15300.0,15305.0,2,15285.0,15260.0,15320.0,15260.0,143.0,10941900.0,2283
2023-05-11 09:07:44,pb2308,pb2308,15300.0,0.0,0.0,0.0,1,15300.0,15305.0,2,15285.0,15260.0,15320.0,15260.0,143.0,10941900.0,2283
2023-05-11 09:07:45,pb2308,pb2308,15300.0,0.0,0.0,0.0,9,15295.0,15305.0,2,15285.0,15260.0,15320.0,15260.0,143.0,10941900.0,2283
2023-05-11 09:07:48,pb2308,pb2308,15300.0,0.0,0.0,0.0,3,15300.0,15305.0,2,15285.0,15260.0,15320.0,15260.0,143.0,10941900.0,2283
2023-05-11 09:07:49,pb2308,pb2308,15300.0,5.0,382500.0,-3.0,9,15295.0,15305.0,2,15285.0,15260.0,15320.0,15260.0,148.0,11324400.0,2280
2023-05-11 09:07:51,pb2308,pb2308,15300.0,0.0,0.0,0.0,9,15295.0,15305.0,2,15285.0,15260.0,15320.0,15260.0,148.0,11324400.0,2280
2023-05-11 09:07:52,pb2308,pb2308,15300.0,2.0,153000.0,-2.0,9,15295.0,15300.0,3,15285.0,15260.0,15320.0,15260.0,150.0,11477400.0,2278
2023-05-11 09:07:52,pb2308,pb2308,15300.0,3.0,229500.0,0.0,3,15300.0,15305.0,2,15285.0,15260.0,15320.0,15260.0,153.0,11706900.0,2278
2023-05-11 09:07:53,pb2308,pb2308,15300.0,0.0,0.0,0.0,1,15300.0,15305.0,2,15285.0,15260.0,15320.0,15260.0,153.0,11706900.0,2278
2023-05-11 09:07:53,pb2308,pb2308,15300.0,0.0,0.0,0.0,9,15295.0,15305.0,2,15285.0,15260.0,15320.0,15260.0,153.0,11706900.0,2278
2023-05-11 09:07:54,pb2308,pb2308,15300.0,0.0,0.0,0.0,2,15300.0,15305.0,2,15285.0,15260.0,15320.0,15260.0,153.0,11706900.0,2278
2023-05-11 09:07:54,pb2308,pb2308,15300.0,0.0,0.0,0.0,2,15300.0,15305.0,2,15285.0,15260.0,15320.0,15260.0,153.0,11706900.0,2278
2023-05-11 09:07:56,pb2308,pb2308,15300.0,2.0,153000.0,-2.0,9,15295.0,15300.0,3,15285.0,15260.0,15320.0,15260.0,155.0,11859900.0,2276
2023-05-11 09:07:56,pb2308,pb2308,15300.0,3.0,229500.0,-1.0,2,15300.0,15305.0,2,15285.0,15260.0,15320.0,15260.0,158.0,12089400.0,2275
2023-05-11 09:07:57,pb2308,pb2308,15300.0,0.0,0.0,0.0,1,15300.0,15305.0,2,15285.0,15260.0,15320.0,15260.0,158.0,12089400.0,2275
2023-05-11 09:07:57,pb2308,pb2308,15300.0,0.0,0.0,0.0,9,15295.0,15305.0,2,15285.0,15260.0,15320.0,15260.0,158.0,12089400.0,2275
2023-05-11 09:07:59,pb2308,pb2308,15300.0,0.0,0.0,0.0,9,15295.0,15305.0,2,15285.0,15260.0,15320.0,15260.0,158.0,12089400.0,2275
2023-05-11 09:08:00,pb2308,pb2308,15300.0,0.0,0.0,0.0,9,15295.0,15300.0,5,15285.0,15260.0,15320.0,15260.0,158.0,12089400.0,2275
2023-05-11 09:08:01,pb2308,pb2308,15300.0,5.0,382500.0,0.0,1,15300.0,15305.0,2,15285.0,15260.0,15320.0,15260.0,163.0,12471900.0,2275
2023-05-11 09:08:02,pb2308,pb2308,15300.0,0.0,0.0,0.0,9,15295.0,15305.0,2,15285.0,15260.0,15320.0,15260.0,163.0,12471900.0,2275
2023-05-11 09:08:03,pb2308,pb2308,15300.0,0.0,0.0,0.0,9,15295.0,15305.0,2,15285.0,15260.0,15320.0,15260.0,163.0,12471900.0,2275
2023-05-11 09:08:05,pb2308,pb2308,15300.0,5.0,382500.0,-5.0,9,15295.0,15305.0,2,15285.0,15260.0,15320.0,15260.0,168.0,12854400.0,2270
2023-05-11 09:08:06,pb2308,pb2308,15300.0,0.0,0.0,0.0,3,15300.0,15305.0,2,15285.0,15260.0,15320.0,15260.0,168.0,12854400.0,2270
2023-05-11 09:08:07,pb2308,pb2308,15300.0,0.0,0.0,0.0,3,15300.0,15305.0,2,15285.0,15260.0,15320.0,15260.0,168.0,12854400.0,2270
2023-05-11 09:08:08,pb2308,pb2308,15300.0,3.0,229500.0,-3.0,9,15295.0,15300.0,2,15285.0,15260.0,15320.0,15260.0,171.0,13083900.0,2267
2023-05-11 09:08:09,pb2308,pb2308,15300.0,2.0,153000.0,0.0,9,15295.0,15305.0,2,15285.0,15260.0,15320.0,15260.0,173.0,13236900.0,2267
2023-05-11 09:08:11,pb2308,pb2308,15300.0,0.0,0.0,0.0,9,15295.0,15305.0,2,15285.0,15260.0,15320.0,15260.0,173.0,13236900.0,2267
2023-05-11 09:08:12,pb2308,pb2308,15300.0,0.0,0.0,0.0,9,15295.0,15300.0,5,15285.0,15260.0,15320.0,15260.0,173.0,13236900.0,2267
2023-05-11 09:08:12,pb2308,pb2308,15300.0,5.0,382500.0,0.0,9,15295.0,15305.0,2,15285.0,15260.0,15320.0,15260.0,178.0,13619400.0,2267
2023-05-11 09:08:13,pb2308,pb2308,15300.0,0.0,0.0,0.0,9,15295.0,15305.0,2,15285.0,15260.0,15320.0,15260.0,178.0,13619400.0,2267
2023-05-11 09:08:14,pb2308,pb2308,15300.0,5.0,382500.0,-5.0,9,15295.0,15305.0,2,15285.0,15260.0,15320.0,15260.0,183.0,14001900.0,2262
2023-05-11 09:08:17,pb2308,pb2308,15300.0,0.0,0.0,0.0,2,15300.0,15305.0,2,15285.0,15260.0,15320.0,15260.0,183.0,14001900.0,2262
2023-05-11 09:08:19,pb2308,pb2308,15300.0,0.0,0.0,0.0,2,15300.0,15305.0,7,15285.0,15260.0,15320.0,15260.0,183.0,14001900.0,2262
2023-05-11 09:08:48,pb2308,pb2308,15300.0,0.0,0.0,0.0,2,15300.0,15305.0,2,15285.0,15260.0,15320.0,15260.0,183.0,14001900.0,2262
2023-05-11 09:08:49,pb2308,pb2308,15300.0,0.0,0.0,0.0,4,15300.0,15305.0,2,15285.0,15260.0,15320.0,15260.0,183.0,14001900.0,2262
2023-05-11 09:08:50,pb2308,pb2308,15300.0,0.0,0.0,0.0,4,15300.0,15305.0,2,15285.0,15260.0,15320.0,15260.0,183.0,14001900.0,2262
2023-05-11 09:08:51,pb2308,pb2308,15300.0,0.0,0.0,0.0,4,15300.0,15305.0,2,15285.0,15260.0,15320.0,15260.0,183.0,14001900.0,2262
2023-05-11 09:09:30,pb2308,pb2308,15300.0,0.0,0.0,0.0,2,15300.0,15305.0,2,15285.0,15260.0,15320.0,15260.0,183.0,14001900.0,2262
2023-05-11 09:09:37,pb2308,pb2308,15300.0,0.0,0.0,0.0,9,15295.0,15305.0,2,15285.0,15260.0,15320.0,15260.0,183.0,14001900.0,2262
2023-05-11 09:09:58,pb2308,pb2308,15300.0,0.0,0.0,0.0,2,15300.0,15305.0,2,15285.0,15260.0,15320.0,15260.0,183.0,14001900.0,2262
2023-05-11 09:09:59,pb2308,pb2308,15300.0,0.0,0.0,0.0,6,15300.0,15305.0,2,15285.0,15260.0,15320.0,15260.0,183.0,14001900.0,2262
2023-05-11 09:10:00,pb2308,pb2308,15300.0,6.0,459000.0,-2.0,9,15295.0,15305.0,2,15285.0,15260.0,15320.0,15260.0,189.0,14460900.0,2260
2023-05-11 09:10:00,pb2308,pb2308,15300.0,0.0,0.0,0.0,2,15295.0,15305.0,5,15285.0,15260.0,15320.0,15260.0,189.0,14460900.0,2260
2023-05-11 09:10:02,pb2308,pb2308,15300.0,0.0,0.0,0.0,2,15295.0,15300.0,2,15285.0,15260.0,15320.0,15260.0,189.0,14460900.0,2260
2023-05-11 09:10:03,pb2308,pb2308,15300.0,0.0,0.0,0.0,2,15295.0,15300.0,2,15285.0,15260.0,15320.0,15260.0,189.0,14460900.0,2260
2023-05-11 09:11:01,pb2308,pb2308,15300.0,0.0,0.0,0.0,2,15295.0,15305.0,4,15285.0,15260.0,15320.0,15260.0,189.0,14460900.0,2260
2023-05-11 09:11:02,pb2308,pb2308,15300.0,0.0,0.0,0.0,2,15295.0,15305.0,5,15285.0,15260.0,15320.0,15260.0,189.0,14460900.0,2260
2023-05-11 09:12:24,pb2308,pb2308,15300.0,0.0,0.0,0.0,2,15295.0,15300.0,5,15285.0,15260.0,15320.0,15260.0,189.0,14460900.0,2260
2023-05-11 09:12:24,pb2308,pb2308,15300.0,0.0,0.0,0.0,2,15295.0,15300.0,5,15285.0,15260.0,15320.0,15260.0,189.0,14460900.0,2260
2023-05-11 09:13:17,pb2308,pb2308,15300.0,0.0,0.0,0.0,2,15295.0,15300.0,15,15285.0,15260.0,15320.0,15260.0,189.0,14460900.0,2260
2023-05-11 09:14:50,pb2308,pb2308,15300.0,2.0,153000.0,-1.0,2,15295.0,15300.0,13,15285.0,15260.0,15320.0,15260.0,191.0,14613900.0,2259
2023-05-11 09:14:51,pb2308,pb2308,15300.0,0.0,0.0,0.0,9,15295.0,15300.0,13,15285.0,15260.0,15320.0,15260.0,191.0,14613900.0,2259
2023-05-11 09:14:51,pb2308,pb2308,15300.0,0.0,0.0,0.0,2,15295.0,15300.0,13,15285.0,15260.0,15320.0,15260.0,191.0,14613900.0,2259
2023-05-11 09:14:57,pb2308,pb2308,15300.0,0.0,0.0,0.0,2,15295.0,15300.0,18,15285.0,15260.0,15320.0,15260.0,191.0,14613900.0,2259
2023-05-11 09:15:05,pb2308,pb2308,15300.0,0.0,0.0,0.0,2,15295.0,15300.0,28,15285.0,15260.0,15320.0,15260.0,191.0,14613900.0,2259
2023-05-11 09:15:05,pb2308,pb2308,15300.0,0.0,0.0,0.0,2,15295.0,15300.0,38,15285.0,15260.0,15320.0,15260.0,191.0,14613900.0,2259
2023-05-11 09:15:06,pb2308,pb2308,15300.0,3.0,229500.0,-3.0,9,15295.0,15300.0,35,15285.0,15260.0,15320.0,15260.0,194.0,14843400.0,2256
2023-05-11 09:15:07,pb2308,pb2308,15300.0,2.0,153000.0,-2.0,9,15295.0,15300.0,33,15285.0,15260.0,15320.0,15260.0,196.0,14996400.0,2254
2023-05-11 09:15:12,pb2308,pb2308,15300.0,32.0,2448000.0,-32.0,9,15295.0,15300.0,1,15285.0,15260.0,15320.0,15260.0,228.0,17444400.0,2222
2023-05-11 09:15:13,pb2308,pb2308,15300.0,1.0,76500.0,-1.0,9,15295.0,15305.0,2,15285.0,15260.0,15320.0,15260.0,229.0,17520900.0,2221
2023-05-11 09:15:17,pb2308,pb2308,15300.0,0.0,0.0,0.0,2,15295.0,15305.0,5,15285.0,15260.0,15320.0,15260.0,229.0,17520900.0,2221
2023-05-11 09:15:18,pb2308,pb2308,15300.0,0.0,0.0,0.0,2,15295.0,15305.0,2,15285.0,15260.0,15320.0,15260.0,229.0,17520900.0,2221
2023-05-11 09:15:25,pb2308,pb2308,15300.0,0.0,0.0,0.0,2,15300.0,15305.0,2,15285.0,15260.0,15320.0,15260.0,229.0,17520900.0,2221
2023-05-11 09:15:29,pb2308,pb2308,15300.0,0.0,0.0,0.0,2,15295.0,15305.0,2,15285.0,15260.0,15320.0,15260.0,229.0,17520900.0,2221
2023-05-11 09:15:40,pb2308,pb2308,15300.0,0.0,0.0,0.0,2,15295.0,15305.0,3,15285.0,15260.0,15320.0,15260.0,229.0,17520900.0,2221
2023-05-11 09:15:40,pb2308,pb2308,15300.0,0.0,0.0,0.0,2,15295.0,15305.0,6,15285.0,15260.0,15320.0,15260.0,229.0,17520900.0,2221
2023-05-11 09:15:41,pb2308,pb2308,15300.0,0.0,0.0,0.0,2,15295.0,15305.0,2,15285.0,15260.0,15320.0,15260.0,229.0,17520900.0,2221
2023-05-11 09:15:58,pb2308,pb2308,15300.0,0.0,0.0,0.0,2,15300.0,15305.0,2,15285.0,15260.0,15320.0,15260.0,229.0,17520900.0,2221
2023-05-11 09:16:09,pb2308,pb2308,15300.0,0.0,0.0,0.0,2,15295.0,15305.0,2,15285.0,15260.0,15320.0,15260.0,229.0,17520900.0,2221
2023-05-11 09:16:10,pb2308,pb2308,15300.0,0.0,0.0,0.0,2,15295.0,15305.0,6,15285.0,15260.0,15320.0,15260.0,229.0,17520900.0,2221
2023-05-11 09:16:53,pb2308,pb2308,15300.0,0.0,0.0,0.0,2,15295.0,15305.0,7,15285.0,15260.0,15320.0,15260.0,229.0,17520900.0,2221
2023-05-11 09:17:01,pb2308,pb2308,15300.0,0.0,0.0,0.0,2,15295.0,15305.0,6,15285.0,15260.0,15320.0,15260.0,229.0,17520900.0,2221
2023-05-11 09:19:44,pb2308,pb2308,15300.0,0.0,0.0,0.0,2,15295.0,15305.0,7,15285.0,15260.0,15320.0,15260.0,229.0,17520900.0,2221
2023-05-11 09:19:51,pb2308,pb2308,15300.0,0.0,0.0,0.0,2,15295.0,15305.0,6,15285.0,15260.0,15320.0,15260.0,229.0,17520900.0,2221
2023-05-11 09:19:53,pb2308,pb2308,15300.0,0.0,0.0,0.0,2,15290.0,15300.0,3,15285.0,15260.0,15320.0,15260.0,229.0,17520900.0,2221
2023-05-11 09:19:53,pb2308,pb2308,15300.0,0.0,0.0,0.0,2,15290.0,15295.0,2,15285.0,15260.0,15320.0,15260.0,229.0,17520900.0,2221
2023-05-11 09:19:54,pb2308,pb2308,15300.0,0.0,0.0,0.0,2,15290.0,15295.0,2,15285.0,15260.0,15320.0,15260.0,229.0,17520900.0,2221
2023-05-11 09:20:15,pb2308,pb2308,15295.0,2.0,152950.0,-2.0,2,15290.0,15300.0,4,15285.0,15260.0,15320.0,15260.0,231.0,17673850.0,2219
2023-05-11 09:20:16,pb2308,pb2308,15295.0,0.0,0.0,0.0,10,15290.0,15305.0,2,15285.0,15260.0,15320.0,15260.0,231.0,17673850.0,2219
2023-05-11 09:20:16,pb2308,pb2308,15295.0,0.0,0.0,0.0,10,15290.0,15305.0,6,15285.0,15260.0,15320.0,15260.0,231.0,17673850.0,2219
2023-05-11 09:20:18,pb2308,pb2308,15295.0,0.0,0.0,0.0,2,15295.0,15305.0,6,15285.0,15260.0,15320.0,15260.0,231.0,17673850.0,2219
2023-05-11 09:20:19,pb2308,pb2308,15295.0,0.0,0.0,0.0,4,15295.0,15305.0,6,15285.0,15260.0,15320.0,15260.0,231.0,17673850.0,2219
2023-05-11 09:20:58,pb2308,pb2308,15295.0,0.0,0.0,0.0,2,15295.0,15305.0,6,15285.0,15260.0,15320.0,15260.0,231.0,17673850.0,2219
2023-05-11 09:20:59,pb2308,pb2308,15295.0,2.0,152950.0,0.0,10,15290.0,15305.0,6,15285.0,15260.0,15320.0,15260.0,233.0,17826800.0,2219
2023-05-11 09:21:00,pb2308,pb2308,15290.0,5.0,382250.0,1.0,7,15290.0,15305.0,7,15285.0,15260.0,15320.0,15260.0,238.0,18209050.0,2220
2023-05-11 09:21:00,pb2308,pb2308,15290.0,4.0,305800.0,-4.0,4,15290.0,15305.0,7,15285.0,15260.0,15320.0,15260.0,242.0,18514850.0,2216
2023-05-11 09:21:40,pb2308,pb2308,15290.0,0.0,0.0,0.0,14,15290.0,15305.0,7,15285.0,15260.0,15320.0,15260.0,242.0,18514850.0,2216
2023-05-11 09:21:45,pb2308,pb2308,15290.0,0.0,0.0,0.0,14,15290.0,15305.0,6,15285.0,15260.0,15320.0,15260.0,242.0,18514850.0,2216
2023-05-11 09:21:45,pb2308,pb2308,15290.0,0.0,0.0,0.0,14,15290.0,15305.0,6,15285.0,15260.0,15320.0,15260.0,242.0,18514850.0,2216
2023-05-11 09:21:46,pb2308,pb2308,15290.0,0.0,0.0,0.0,15,15290.0,15305.0,6,15285.0,15260.0,15320.0,15260.0,242.0,18514850.0,2216
2023-05-11 09:21:51,pb2308,pb2308,15290.0,0.0,0.0,0.0,15,15290.0,15305.0,7,15285.0,15260.0,15320.0,15260.0,242.0,18514850.0,2216
2023-05-11 09:22:05,pb2308,pb2308,15290.0,0.0,0.0,0.0,14,15290.0,15305.0,7,15285.0,15260.0,15320.0,15260.0,242.0,18514850.0,2216
2023-05-11 09:22:06,pb2308,pb2308,15290.0,0.0,0.0,0.0,14,15290.0,15305.0,7,15285.0,15260.0,15320.0,15260.0,242.0,18514850.0,2216
2023-05-11 09:22:29,pb2308,pb2308,15290.0,0.0,0.0,0.0,16,15290.0,15305.0,7,15285.0,15260.0,15320.0,15260.0,242.0,18514850.0,2216
2023-05-11 09:22:57,pb2308,pb2308,15290.0,0.0,0.0,0.0,16,15290.0,15305.0,6,15285.0,15260.0,15320.0,15260.0,242.0,18514850.0,2216
2023-05-11 09:23:08,pb2308,pb2308,15290.0,0.0,0.0,0.0,16,15290.0,15305.0,7,15285.0,15260.0,15320.0,15260.0,242.0,18514850.0,2216
2023-05-11 09:23:13,pb2308,pb2308,15290.0,0.0,0.0,0.0,14,15290.0,15305.0,7,15285.0,15260.0,15320.0,15260.0,242.0,18514850.0,2216
2023-05-11 09:23:16,pb2308,pb2308,15290.0,0.0,0.0,0.0,14,15290.0,15300.0,1,15285.0,15260.0,15320.0,15260.0,242.0,18514850.0,2216
2023-05-11 09:23:17,pb2308,pb2308,15290.0,0.0,0.0,0.0,14,15290.0,15300.0,3,15285.0,15260.0,15320.0,15260.0,242.0,18514850.0,2216
2023-05-11 09:23:18,pb2308,pb2308,15290.0,0.0,0.0,0.0,14,15290.0,15300.0,2,15285.0,15260.0,15320.0,15260.0,242.0,18514850.0,2216
2023-05-11 09:23:19,pb2308,pb2308,15290.0,0.0,0.0,0.0,14,15290.0,15300.0,3,15285.0,15260.0,15320.0,15260.0,242.0,18514850.0,2216
2023-05-11 09:23:37,pb2308,pb2308,15290.0,0.0,0.0,0.0,14,15290.0,15300.0,2,15285.0,15260.0,15320.0,15260.0,242.0,18514850.0,2216
2023-05-11 09:23:39,pb2308,pb2308,15290.0,0.0,0.0,0.0,5,15295.0,15300.0,2,15285.0,15260.0,15320.0,15260.0,242.0,18514850.0,2216
2023-05-11 09:23:40,pb2308,pb2308,15290.0,0.0,0.0,0.0,7,15295.0,15300.0,2,15285.0,15260.0,15320.0,15260.0,242.0,18514850.0,2216
2023-05-11 09:23:43,pb2308,pb2308,15300.0,1.0,76500.0,1.0,7,15295.0,15305.0,5,15285.0,15260.0,15320.0,15260.0,243.0,18591350.0,2217
2023-05-11 09:23:44,pb2308,pb2308,15300.0,0.0,0.0,0.0,7,15295.0,15305.0,7,15285.0,15260.0,15320.0,15260.0,243.0,18591350.0,2217
2023-05-11 09:23:55,pb2308,pb2308,15300.0,0.0,0.0,0.0,7,15295.0,15300.0,1,15285.0,15260.0,15320.0,15260.0,243.0,18591350.0,2217
2023-05-11 09:23:55,pb2308,pb2308,15300.0,0.0,0.0,0.0,7,15295.0,15300.0,1,15285.0,15260.0,15320.0,15260.0,243.0,18591350.0,2217
2023-05-11 09:23:56,pb2308,pb2308,15300.0,0.0,0.0,0.0,7,15295.0,15305.0,5,15285.0,15260.0,15320.0,15260.0,243.0,18591350.0,2217
2023-05-11 09:23:56,pb2308,pb2308,15300.0,0.0,0.0,0.0,7,15295.0,15305.0,7,15285.0,15260.0,15320.0,15260.0,243.0,18591350.0,2217
2023-05-11 09:23:57,pb2308,pb2308,15300.0,0.0,0.0,0.0,7,15295.0,15300.0,1,15285.0,15260.0,15320.0,15260.0,243.0,18591350.0,2217
2023-05-11 09:23:58,pb2308,pb2308,15300.0,0.0,0.0,0.0,7,15295.0,15300.0,1,15285.0,15260.0,15320.0,15260.0,243.0,18591350.0,2217
2023-05-11 09:23:58,pb2308,pb2308,15300.0,0.0,0.0,0.0,7,15295.0,15305.0,5,15285.0,15260.0,15320.0,15260.0,243.0,18591350.0,2217
2023-05-11 09:23:59,pb2308,pb2308,15300.0,0.0,0.0,0.0,7,15295.0,15305.0,7,15285.0,15260.0,15320.0,15260.0,243.0,18591350.0,2217
2023-05-11 09:24:01,pb2308,pb2308,15300.0,0.0,0.0,0.0,7,15295.0,15300.0,1,15285.0,15260.0,15320.0,15260.0,243.0,18591350.0,2217
2023-05-11 09:24:01,pb2308,pb2308,15300.0,0.0,0.0,0.0,7,15295.0,15300.0,1,15285.0,15260.0,15320.0,15260.0,243.0,18591350.0,2217
2023-05-11 09:24:03,pb2308,pb2308,15300.0,0.0,0.0,0.0,2,15295.0,15300.0,1,15285.0,15260.0,15320.0,15260.0,243.0,18591350.0,2217
2023-05-11 09:24:03,pb2308,pb2308,15300.0,1.0,76500.0,-1.0,2,15295.0,15305.0,5,15285.0,15260.0,15320.0,15260.0,244.0,18667850.0,2216
2023-05-11 09:24:04,pb2308,pb2308,15300.0,0.0,0.0,0.0,9,15295.0,15305.0,2,15285.0,15260.0,15320.0,15260.0,244.0,18667850.0,2216
2023-05-11 09:24:19,pb2308,pb2308,15300.0,0.0,0.0,0.0,2,15300.0,15305.0,2,15285.0,15260.0,15320.0,15260.0,244.0,18667850.0,2216
2023-05-11 09:24:19,pb2308,pb2308,15300.0,0.0,0.0,0.0,4,15300.0,15305.0,2,15285.0,15260.0,15320.0,15260.0,244.0,18667850.0,2216
2023-05-11 09:24:20,pb2308,pb2308,15300.0,0.0,0.0,0.0,2,15300.0,15305.0,2,15285.0,15260.0,15320.0,15260.0,244.0,18667850.0,2216
2023-05-11 09:24:34,pb2308,pb2308,15300.0,0.0,0.0,0.0,4,15300.0,15305.0,2,15285.0,15260.0,15320.0,15260.0,244.0,18667850.0,2216
2023-05-11 09:24:58,pb2308,pb2308,15300.0,0.0,0.0,0.0,2,15300.0,15305.0,3,15285.0,15260.0,15320.0,15260.0,244.0,18667850.0,2216
2023-05-11 09:24:59,pb2308,pb2308,15300.0,0.0,0.0,0.0,2,15300.0,15305.0,6,15285.0,15260.0,15320.0,15260.0,244.0,18667850.0,2216
2023-05-11 09:26:46,pb2308,pb2308,15300.0,0.0,0.0,0.0,2,15300.0,15305.0,6,15285.0,15260.0,15320.0,15260.0,244.0,18667850.0,2216
2023-05-11 09:27:07,pb2308,pb2308,15300.0,0.0,0.0,0.0,2,15295.0,15305.0,6,15285.0,15260.0,15320.0,15260.0,244.0,18667850.0,2216
2023-05-11 09:27:29,pb2308,pb2308,15300.0,0.0,0.0,0.0,2,15295.0,15300.0,3,15285.0,15260.0,15320.0,15260.0,244.0,18667850.0,2216
2023-05-11 09:27:29,pb2308,pb2308,15300.0,0.0,0.0,0.0,2,15295.0,15300.0,6,15285.0,15260.0,15320.0,15260.0,244.0,18667850.0,2216
2023-05-11 09:27:30,pb2308,pb2308,15300.0,0.0,0.0,0.0,2,15295.0,15300.0,2,15285.0,15260.0,15320.0,15260.0,244.0,18667850.0,2216
2023-05-11 09:27:43,pb2308,pb2308,15300.0,0.0,0.0,0.0,2,15295.0,15300.0,2,15285.0,15260.0,15320.0,15260.0,244.0,18667850.0,2216
2023-05-11 09:28:01,pb2308,pb2308,15300.0,0.0,0.0,0.0,7,15295.0,15300.0,2,15285.0,15260.0,15320.0,15260.0,244.0,18667850.0,2216
2023-05-11 09:28:03,pb2308,pb2308,15300.0,0.0,0.0,0.0,7,15295.0,15305.0,2,15285.0,15260.0,15320.0,15260.0,244.0,18667850.0,2216
2023-05-11 09:28:04,pb2308,pb2308,15300.0,0.0,0.0,0.0,7,15295.0,15305.0,5,15285.0,15260.0,15320.0,15260.0,244.0,18667850.0,2216
2023-05-11 09:28:30,pb2308,pb2308,15300.0,0.0,0.0,0.0,2,15295.0,15305.0,5,15285.0,15260.0,15320.0,15260.0,244.0,18667850.0,2216
2023-05-11 09:28:31,pb2308,pb2308,15300.0,0.0,0.0,0.0,2,15300.0,15305.0,5,15285.0,15260.0,15320.0,15260.0,244.0,18667850.0,2216
2023-05-11 09:28:52,pb2308,pb2308,15300.0,0.0,0.0,0.0,2,15295.0,15305.0,5,15285.0,15260.0,15320.0,15260.0,244.0,18667850.0,2216
2023-05-11 09:29:35,pb2308,pb2308,15300.0,0.0,0.0,0.0,2,15300.0,15305.0,5,15285.0,15260.0,15320.0,15260.0,244.0,18667850.0,2216
2023-05-11 09:30:57,pb2308,pb2308,15300.0,0.0,0.0,0.0,2,15295.0,15305.0,5,15285.0,15260.0,15320.0,15260.0,244.0,18667850.0,2216
2023-05-11 09:33:18,pb2308,pb2308,15300.0,0.0,0.0,0.0,2,15290.0,15300.0,1,15285.0,15260.0,15320.0,15260.0,244.0,18667850.0,2216
2023-05-11 09:33:18,pb2308,pb2308,15300.0,0.0,0.0,0.0,2,15290.0,15300.0,4,15285.0,15260.0,15320.0,15260.0,244.0,18667850.0,2216
2023-05-11 09:33:19,pb2308,pb2308,15300.0,0.0,0.0,0.0,2,15290.0,15300.0,4,15285.0,15260.0,15320.0,15260.0,244.0,18667850.0,2216
2023-05-11 09:33:20,pb2308,pb2308,15300.0,0.0,0.0,0.0,2,15290.0,15300.0,1,15285.0,15260.0,15320.0,15260.0,244.0,18667850.0,2216
2023-05-11 09:33:22,pb2308,pb2308,15300.0,0.0,0.0,0.0,2,15290.0,15300.0,5,15285.0,15260.0,15320.0,15260.0,244.0,18667850.0,2216
2023-05-11 09:33:43,pb2308,pb2308,15300.0,0.0,0.0,0.0,2,15290.0,15300.0,5,15285.0,15260.0,15320.0,15260.0,244.0,18667850.0,2216
2023-05-11 09:37:43,pb2308,pb2308,15300.0,0.0,0.0,0.0,2,15290.0,15300.0,7,15285.0,15260.0,15320.0,15260.0,244.0,18667850.0,2216
2023-05-11 09:37:44,pb2308,pb2308,15300.0,0.0,0.0,0.0,2,15290.0,15300.0,7,15285.0,15260.0,15320.0,15260.0,244.0,18667850.0,2216
2023-05-11 09:38:57,pb2308,pb2308,15300.0,0.0,0.0,0.0,2,15290.0,15300.0,3,15285.0,15260.0,15320.0,15260.0,244.0,18667850.0,2216
2023-05-11 09:39:01,pb2308,pb2308,15300.0,0.0,0.0,0.0,13,15290.0,15300.0,3,15285.0,15260.0,15320.0,15260.0,244.0,18667850.0,2216
2023-05-11 09:39:51,pb2308,pb2308,15300.0,0.0,0.0,0.0,12,15290.0,15300.0,3,15285.0,15260.0,15320.0,15260.0,244.0,18667850.0,2216
2023-05-11 09:40:51,pb2308,pb2308,15300.0,0.0,0.0,0.0,2,15295.0,15300.0,3,15285.0,15260.0,15320.0,15260.0,244.0,18667850.0,2216
2023-05-11 09:40:51,pb2308,pb2308,15300.0,0.0,0.0,0.0,2,15295.0,15300.0,3,15285.0,15260.0,15320.0,15260.0,244.0,18667850.0,2216
2023-05-11 09:41:04,pb2308,pb2308,15295.0,1.0,76475.0,0.0,1,15295.0,15300.0,3,15285.0,15260.0,15320.0,15260.0,245.0,18744325.0,2216
2023-05-11 09:41:22,pb2308,pb2308,15295.0,0.0,0.0,0.0,1,15295.0,15300.0,3,15285.0,15260.0,15320.0,15260.0,245.0,18744325.0,2216
2023-05-11 09:42:57,pb2308,pb2308,15295.0,0.0,0.0,0.0,7,15290.0,15300.0,3,15285.0,15260.0,15320.0,15260.0,245.0,18744325.0,2216
2023-05-11 09:42:57,pb2308,pb2308,15295.0,0.0,0.0,0.0,12,15290.0,15300.0,3,15285.0,15260.0,15320.0,15260.0,245.0,18744325.0,2216
2023-05-11 09:43:33,pb2308,pb2308,15295.0,0.0,0.0,0.0,10,15290.0,15300.0,3,15285.0,15260.0,15320.0,15260.0,245.0,18744325.0,2216
2023-05-11 09:44:56,pb2308,pb2308,15295.0,0.0,0.0,0.0,8,15290.0,15300.0,3,15285.0,15260.0,15320.0,15260.0,245.0,18744325.0,2216
2023-05-11 09:44:57,pb2308,pb2308,15295.0,0.0,0.0,0.0,2,15290.0,15300.0,3,15285.0,15260.0,15320.0,15260.0,245.0,18744325.0,2216
2023-05-11 09:45:01,pb2308,pb2308,15295.0,0.0,0.0,0.0,8,15290.0,15300.0,3,15285.0,15260.0,15320.0,15260.0,245.0,18744325.0,2216
2023-05-11 09:45:02,pb2308,pb2308,15295.0,0.0,0.0,0.0,2,15290.0,15300.0,3,15285.0,15260.0,15320.0,15260.0,245.0,18744325.0,2216
2023-05-11 09:45:02,pb2308,pb2308,15295.0,0.0,0.0,0.0,2,15290.0,15300.0,6,15285.0,15260.0,15320.0,15260.0,245.0,18744325.0,2216
2023-05-11 09:45:08,pb2308,pb2308,15295.0,0.0,0.0,0.0,2,15290.0,15300.0,3,15285.0,15260.0,15320.0,15260.0,245.0,18744325.0,2216
2023-05-11 09:45:24,pb2308,pb2308,15295.0,0.0,0.0,0.0,7,15290.0,15300.0,3,15285.0,15260.0,15320.0,15260.0,245.0,18744325.0,2216
2023-05-11 09:45:24,pb2308,pb2308,15295.0,0.0,0.0,0.0,12,15290.0,15300.0,3,15285.0,15260.0,15320.0,15260.0,245.0,18744325.0,2216
2023-05-11 09:53:31,pb2308,pb2308,15295.0,0.0,0.0,0.0,2,15290.0,15300.0,5,15285.0,15260.0,15320.0,15260.0,245.0,18744325.0,2216
2023-05-11 09:53:31,pb2308,pb2308,15295.0,0.0,0.0,0.0,2,15290.0,15300.0,7,15285.0,15260.0,15320.0,15260.0,245.0,18744325.0,2216
2023-05-11 09:53:39,pb2308,pb2308,15295.0,0.0,0.0,0.0,2,15290.0,15300.0,6,15285.0,15260.0,15320.0,15260.0,245.0,18744325.0,2216
2023-05-11 09:55:02,pb2308,pb2308,15295.0,0.0,0.0,0.0,8,15290.0,15300.0,3,15285.0,15260.0,15320.0,15260.0,245.0,18744325.0,2216
2023-05-11 09:55:02,pb2308,pb2308,15295.0,0.0,0.0,0.0,11,15290.0,15300.0,3,15285.0,15260.0,15320.0,15260.0,245.0,18744325.0,2216
2023-05-11 09:55:03,pb2308,pb2308,15295.0,0.0,0.0,0.0,11,15290.0,15300.0,3,15285.0,15260.0,15320.0,15260.0,245.0,18744325.0,2216
2023-05-11 09:55:08,pb2308,pb2308,15295.0,0.0,0.0,0.0,10,15290.0,15300.0,3,15285.0,15260.0,15320.0,15260.0,245.0,18744325.0,2216
2023-05-11 09:55:25,pb2308,pb2308,15295.0,0.0,0.0,0.0,2,15290.0,15300.0,3,15285.0,15260.0,15320.0,15260.0,245.0,18744325.0,2216
2023-05-11 09:55:26,pb2308,pb2308,15295.0,0.0,0.0,0.0,2,15290.0,15300.0,6,15285.0,15260.0,15320.0,15260.0,245.0,18744325.0,2216
2023-05-11 09:56:54,pb2308,pb2308,15295.0,0.0,0.0,0.0,2,15290.0,15300.0,4,15285.0,15260.0,15320.0,15260.0,245.0,18744325.0,2216
2023-05-11 09:56:59,pb2308,pb2308,15295.0,0.0,0.0,0.0,2,15290.0,15295.0,2,15285.0,15260.0,15320.0,15260.0,245.0,18744325.0,2216
2023-05-11 09:57:00,pb2308,pb2308,15295.0,0.0,0.0,0.0,2,15290.0,15295.0,2,15285.0,15260.0,15320.0,15260.0,245.0,18744325.0,2216
2023-05-11 09:59:44,pb2308,pb2308,15295.0,0.0,0.0,0.0,2,15290.0,15295.0,4,15285.0,15260.0,15320.0,15260.0,245.0,18744325.0,2216
2023-05-11 09:59:45,pb2308,pb2308,15295.0,0.0,0.0,0.0,2,15280.0,15295.0,4,15285.0,15260.0,15320.0,15260.0,245.0,18744325.0,2216
2023-05-11 09:59:45,pb2308,pb2308,15295.0,0.0,0.0,0.0,14,15285.0,15295.0,4,15285.0,15260.0,15320.0,15260.0,245.0,18744325.0,2216
2023-05-11 09:59:46,pb2308,pb2308,15295.0,0.0,0.0,0.0,14,15285.0,15295.0,4,15285.0,15260.0,15320.0,15260.0,245.0,18744325.0,2216
2023-05-11 09:59:58,pb2308,pb2308,15295.0,0.0,0.0,0.0,2,15290.0,15295.0,4,15285.0,15260.0,15320.0,15260.0,245.0,18744325.0,2216
2023-05-11 09:59:58,pb2308,pb2308,15295.0,0.0,0.0,0.0,2,15290.0,15295.0,4,15285.0,15260.0,15320.0,15260.0,245.0,18744325.0,2216
2023-05-11 10:00:06,pb2308,pb2308,15295.0,0.0,0.0,0.0,4,15290.0,15295.0,4,15285.0,15260.0,15320.0,15260.0,245.0,18744325.0,2216
2023-05-11 10:02:56,pb2308,pb2308,15295.0,0.0,0.0,0.0,2,15290.0,15295.0,4,15285.0,15260.0,15320.0,15260.0,245.0,18744325.0,2216
2023-05-11 10:02:59,pb2308,pb2308,15295.0,0.0,0.0,0.0,2,15290.0,15295.0,5,15285.0,15260.0,15320.0,15260.0,245.0,18744325.0,2216
2023-05-11 10:05:09,pb2308,pb2308,15295.0,0.0,0.0,0.0,2,15290.0,15295.0,3,15285.0,15260.0,15320.0,15260.0,245.0,18744325.0,2216
2023-05-11 10:05:09,pb2308,pb2308,15295.0,3.0,229425.0,0.0,2,15290.0,15300.0,1,15285.0,15260.0,15320.0,15260.0,248.0,18973750.0,2216
2023-05-11 10:05:10,pb2308,pb2308,15295.0,0.0,0.0,0.0,1,15295.0,15300.0,1,15285.0,15260.0,15320.0,15260.0,248.0,18973750.0,2216
2023-05-11 10:05:10,pb2308,pb2308,15295.0,0.0,0.0,0.0,1,15295.0,15300.0,1,15285.0,15260.0,15320.0,15260.0,248.0,18973750.0,2216
2023-05-11 10:05:49,pb2308,pb2308,15295.0,0.0,0.0,0.0,1,15295.0,15305.0,2,15285.0,15260.0,15320.0,15260.0,248.0,18973750.0,2216
2023-05-11 10:05:50,pb2308,pb2308,15295.0,0.0,0.0,0.0,1,15295.0,15305.0,6,15285.0,15260.0,15320.0,15260.0,248.0,18973750.0,2216
2023-05-11 10:05:50,pb2308,pb2308,15295.0,0.0,0.0,0.0,1,15295.0,15305.0,6,15285.0,15260.0,15320.0,15260.0,248.0,18973750.0,2216
2023-05-11 10:05:53,pb2308,pb2308,15295.0,0.0,0.0,0.0,1,15295.0,15305.0,6,15285.0,15260.0,15320.0,15260.0,248.0,18973750.0,2216
2023-05-11 10:05:53,pb2308,pb2308,15295.0,0.0,0.0,0.0,1,15295.0,15305.0,6,15285.0,15260.0,15320.0,15260.0,248.0,18973750.0,2216
2023-05-11 10:05:54,pb2308,pb2308,15295.0,0.0,0.0,0.0,1,15295.0,15305.0,6,15285.0,15260.0,15320.0,15260.0,248.0,18973750.0,2216
2023-05-11 10:05:54,pb2308,pb2308,15295.0,0.0,0.0,0.0,1,15295.0,15305.0,2,15285.0,15260.0,15320.0,15260.0,248.0,18973750.0,2216
2023-05-11 10:05:55,pb2308,pb2308,15295.0,0.0,0.0,0.0,13,15295.0,15305.0,2,15285.0,15260.0,15320.0,15260.0,248.0,18973750.0,2216
2023-05-11 10:05:57,pb2308,pb2308,15295.0,0.0,0.0,0.0,2,15300.0,15305.0,2,15285.0,15260.0,15320.0,15260.0,248.0,18973750.0,2216
2023-05-11 10:05:58,pb2308,pb2308,15295.0,0.0,0.0,0.0,2,15300.0,15305.0,2,15285.0,15260.0,15320.0,15260.0,248.0,18973750.0,2216
2023-05-11 10:06:03,pb2308,pb2308,15295.0,0.0,0.0,0.0,8,15295.0,15305.0,2,15285.0,15260.0,15320.0,15260.0,248.0,18973750.0,2216
2023-05-11 10:06:03,pb2308,pb2308,15295.0,0.0,0.0,0.0,13,15295.0,15305.0,2,15285.0,15260.0,15320.0,15260.0,248.0,18973750.0,2216
2023-05-11 10:06:04,pb2308,pb2308,15295.0,0.0,0.0,0.0,15,15295.0,15305.0,2,15285.0,15260.0,15320.0,15260.0,248.0,18973750.0,2216
2023-05-11 10:08:58,pb2308,pb2308,15295.0,0.0,0.0,0.0,3,15295.0,15305.0,4,15285.0,15260.0,15320.0,15260.0,248.0,18973750.0,2216
2023-05-11 10:08:59,pb2308,pb2308,15295.0,0.0,0.0,0.0,3,15295.0,15305.0,7,15285.0,15260.0,15320.0,15260.0,248.0,18973750.0,2216
2023-05-11 10:08:59,pb2308,pb2308,15295.0,0.0,0.0,0.0,3,15295.0,15305.0,7,15285.0,15260.0,15320.0,15260.0,248.0,18973750.0,2216
2023-05-11 10:09:09,pb2308,pb2308,15295.0,0.0,0.0,0.0,3,15295.0,15305.0,6,15285.0,15260.0,15320.0,15260.0,248.0,18973750.0,2216
2023-05-11 10:13:03,pb2308,pb2308,15295.0,0.0,0.0,0.0,3,15295.0,15305.0,6,15285.0,15260.0,15320.0,15260.0,248.0,18973750.0,2216
2023-05-11 10:13:09,pb2308,pb2308,15295.0,0.0,0.0,0.0,3,15295.0,15305.0,6,15285.0,15260.0,15320.0,15260.0,248.0,18973750.0,2216
2023-05-11 10:13:10,pb2308,pb2308,15295.0,0.0,0.0,0.0,4,15295.0,15305.0,6,15285.0,15260.0,15320.0,15260.0,248.0,18973750.0,2216
2023-05-11 10:13:17,pb2308,pb2308,15295.0,0.0,0.0,0.0,3,15295.0,15305.0,6,15285.0,15260.0,15320.0,15260.0,248.0,18973750.0,2216
2023-05-11 10:13:18,pb2308,pb2308,15295.0,0.0,0.0,0.0,4,15295.0,15305.0,6,15285.0,15260.0,15320.0,15260.0,248.0,18973750.0,2216
2023-05-11 10:13:18,pb2308,pb2308,15295.0,0.0,0.0,0.0,10,15295.0,15305.0,2,15285.0,15260.0,15320.0,15260.0,248.0,18973750.0,2216
2023-05-11 10:13:58,pb2308,pb2308,15295.0,0.0,0.0,0.0,9,15295.0,15320.0,1,15285.0,15260.0,15320.0,15260.0,248.0,18973750.0,2216
2023-05-11 10:13:58,pb2308,pb2308,15295.0,0.0,0.0,0.0,9,15295.0,15310.0,2,15285.0,15260.0,15320.0,15260.0,248.0,18973750.0,2216
2023-05-11 10:13:59,pb2308,pb2308,15295.0,0.0,0.0,0.0,9,15295.0,15310.0,3,15285.0,15260.0,15320.0,15260.0,248.0,18973750.0,2216
2023-05-11 10:14:00,pb2308,pb2308,15295.0,0.0,0.0,0.0,9,15295.0,15310.0,3,15285.0,15260.0,15320.0,15260.0,248.0,18973750.0,2216
2023-05-11 10:14:09,pb2308,pb2308,15295.0,0.0,0.0,0.0,2,15295.0,15305.0,3,15285.0,15260.0,15320.0,15260.0,248.0,18973750.0,2216
2023-05-11 10:14:09,pb2308,pb2308,15295.0,0.0,0.0,0.0,9,15295.0,15320.0,1,15285.0,15260.0,15320.0,15260.0,248.0,18973750.0,2216
2023-05-11 10:14:10,pb2308,pb2308,15295.0,0.0,0.0,0.0,2,15295.0,15305.0,4,15285.0,15260.0,15320.0,15260.0,248.0,18973750.0,2216
2023-05-11 10:14:10,pb2308,pb2308,15295.0,0.0,0.0,0.0,2,15295.0,15305.0,4,15285.0,15260.0,15320.0,15260.0,248.0,18973750.0,2216
2023-05-11 10:14:36,pb2308,pb2308,15295.0,0.0,0.0,0.0,9,15295.0,15320.0,1,15285.0,15260.0,15320.0,15260.0,248.0,18973750.0,2216
2023-05-11 10:14:36,pb2308,pb2308,15295.0,0.0,0.0,0.0,2,15295.0,15310.0,2,15285.0,15260.0,15320.0,15260.0,248.0,18973750.0,2216
2023-05-11 10:14:37,pb2308,pb2308,15295.0,0.0,0.0,0.0,2,15295.0,15310.0,3,15285.0,15260.0,15320.0,15260.0,248.0,18973750.0,2216
2023-05-11 10:14:38,pb2308,pb2308,15295.0,0.0,0.0,0.0,2,15295.0,15310.0,3,15285.0,15260.0,15320.0,15260.0,248.0,18973750.0,2216
2023-05-11 10:14:44,pb2308,pb2308,15295.0,0.0,0.0,0.0,2,15295.0,15310.0,1,15285.0,15260.0,15320.0,15260.0,248.0,18973750.0,2216
2023-05-11 10:14:45,pb2308,pb2308,15295.0,0.0,0.0,0.0,2,15295.0,15310.0,1,15285.0,15260.0,15320.0,15260.0,248.0,18973750.0,2216
2023-05-11 10:14:46,pb2308,pb2308,15295.0,0.0,0.0,0.0,2,15295.0,15310.0,1,15285.0,15260.0,15320.0,15260.0,248.0,18973750.0,2216
2023-05-11 10:14:58,pb2308,pb2308,15295.0,0.0,0.0,0.0,2,15295.0,15310.0,1,15285.0,15260.0,15320.0,15260.0,248.0,18973750.0,2216
2023-05-11 10:30:01,pb2308,pb2308,15295.0,0.0,0.0,0.0,2,15295.0,15320.0,1,15285.0,15260.0,15320.0,15260.0,248.0,18973750.0,2216
2023-05-11 10:30:02,pb2308,pb2308,15295.0,0.0,0.0,0.0,2,15295.0,15305.0,1,15285.0,15260.0,15320.0,15260.0,248.0,18973750.0,2216
2023-05-11 10:30:03,pb2308,pb2308,15295.0,0.0,0.0,0.0,2,15295.0,15305.0,2,15285.0,15260.0,15320.0,15260.0,248.0,18973750.0,2216
2023-05-11 10:30:06,pb2308,pb2308,15295.0,0.0,0.0,0.0,2,15295.0,15305.0,2,15285.0,15260.0,15320.0,15260.0,248.0,18973750.0,2216
2023-05-11 10:30:06,pb2308,pb2308,15295.0,0.0,0.0,0.0,3,15295.0,15305.0,2,15285.0,15260.0,15320.0,15260.0,248.0,18973750.0,2216
2023-05-11 10:30:28,pb2308,pb2308,15295.0,0.0,0.0,0.0,3,15295.0,15305.0,1,15285.0,15260.0,15320.0,15260.0,248.0,18973750.0,2216
2023-05-11 10:30:29,pb2308,pb2308,15295.0,0.0,0.0,0.0,3,15295.0,15305.0,3,15285.0,15260.0,15320.0,15260.0,248.0,18973750.0,2216
2023-05-11 10:30:52,pb2308,pb2308,15295.0,0.0,0.0,0.0,3,15295.0,15305.0,4,15285.0,15260.0,15320.0,15260.0,248.0,18973750.0,2216
2023-05-11 10:30:52,pb2308,pb2308,15295.0,0.0,0.0,0.0,3,15295.0,15305.0,4,15285.0,15260.0,15320.0,15260.0,248.0,18973750.0,2216
2023-05-11 10:31:07,pb2308,pb2308,15295.0,0.0,0.0,0.0,3,15295.0,15305.0,4,15285.0,15260.0,15320.0,15260.0,248.0,18973750.0,2216
2023-05-11 10:31:33,pb2308,pb2308,15295.0,0.0,0.0,0.0,1,15295.0,15305.0,4,15285.0,15260.0,15320.0,15260.0,248.0,18973750.0,2216
2023-05-11 10:31:54,pb2308,pb2308,15295.0,0.0,0.0,0.0,1,15295.0,15305.0,4,15285.0,15260.0,15320.0,15260.0,248.0,18973750.0,2216
2023-05-11 10:33:18,pb2308,pb2308,15295.0,0.0,0.0,0.0,3,15295.0,15305.0,4,15285.0,15260.0,15320.0,15260.0,248.0,18973750.0,2216
2023-05-11 10:34:51,pb2308,pb2308,15295.0,0.0,0.0,0.0,1,15295.0,15305.0,4,15285.0,15260.0,15320.0,15260.0,248.0,18973750.0,2216
2023-05-11 10:37:18,pb2308,pb2308,15295.0,0.0,0.0,0.0,1,15295.0,15305.0,5,15285.0,15260.0,15320.0,15260.0,248.0,18973750.0,2216
2023-05-11 10:37:19,pb2308,pb2308,15295.0,0.0,0.0,0.0,1,15295.0,15305.0,5,15285.0,15260.0,15320.0,15260.0,248.0,18973750.0,2216
2023-05-11 10:38:33,pb2308,pb2308,15295.0,0.0,0.0,0.0,1,15295.0,15305.0,5,15285.0,15260.0,15320.0,15260.0,248.0,18973750.0,2216
2023-05-11 10:40:59,pb2308,pb2308,15295.0,0.0,0.0,0.0,1,15295.0,15305.0,5,15285.0,15260.0,15320.0,15260.0,248.0,18973750.0,2216
2023-05-11 10:42:48,pb2308,pb2308,15295.0,0.0,0.0,0.0,1,15295.0,15300.0,5,15285.0,15260.0,15320.0,15260.0,248.0,18973750.0,2216
2023-05-11 10:42:49,pb2308,pb2308,15295.0,0.0,0.0,0.0,1,15295.0,15300.0,7,15285.0,15260.0,15320.0,15260.0,248.0,18973750.0,2216
2023-05-11 10:42:49,pb2308,pb2308,15295.0,0.0,0.0,0.0,3,15285.0,15300.0,7,15285.0,15260.0,15320.0,15260.0,248.0,18973750.0,2216
2023-05-11 10:42:50,pb2308,pb2308,15295.0,0.0,0.0,0.0,8,15290.0,15300.0,7,15285.0,15260.0,15320.0,15260.0,248.0,18973750.0,2216
2023-05-11 10:42:50,pb2308,pb2308,15295.0,0.0,0.0,0.0,9,15290.0,15300.0,7,15285.0,15260.0,15320.0,15260.0,248.0,18973750.0,2216
2023-05-11 10:42:59,pb2308,pb2308,15295.0,0.0,0.0,0.0,8,15290.0,15300.0,7,15285.0,15260.0,15320.0,15260.0,248.0,18973750.0,2216
2023-05-11 10:43:35,pb2308,pb2308,15295.0,0.0,0.0,0.0,8,15290.0,15300.0,6,15285.0,15260.0,15320.0,15260.0,248.0,18973750.0,2216
2023-05-11 10:44:55,pb2308,pb2308,15295.0,0.0,0.0,0.0,2,15295.0,15300.0,6,15285.0,15260.0,15320.0,15260.0,248.0,18973750.0,2216
2023-05-11 10:44:55,pb2308,pb2308,15295.0,0.0,0.0,0.0,4,15295.0,15300.0,6,15285.0,15260.0,15320.0,15260.0,248.0,18973750.0,2216
2023-05-11 10:46:10,pb2308,pb2308,15295.0,0.0,0.0,0.0,4,15295.0,15300.0,6,15285.0,15260.0,15320.0,15260.0,248.0,18973750.0,2216
2023-05-11 10:48:36,pb2308,pb2308,15295.0,0.0,0.0,0.0,4,15295.0,15300.0,6,15285.0,15260.0,15320.0,15260.0,248.0,18973750.0,2216
2023-05-11 10:50:02,pb2308,pb2308,15295.0,0.0,0.0,0.0,4,15295.0,15300.0,6,15285.0,15260.0,15320.0,15260.0,248.0,18973750.0,2216
2023-05-11 10:55:41,pb2308,pb2308,15295.0,0.0,0.0,0.0,2,15295.0,15300.0,6,15285.0,15260.0,15320.0,15260.0,248.0,18973750.0,2216
2023-05-11 10:57:28,pb2308,pb2308,15295.0,0.0,0.0,0.0,2,15295.0,15300.0,6,15285.0,15260.0,15320.0,15260.0,248.0,18973750.0,2216
2023-05-11 10:59:46,pb2308,pb2308,15295.0,0.0,0.0,0.0,3,15295.0,15300.0,6,15285.0,15260.0,15320.0,15260.0,248.0,18973750.0,2216
2023-05-11 11:01:04,pb2308,pb2308,15300.0,2.0,153000.0,1.0,2,15295.0,15300.0,3,15285.0,15260.0,15320.0,15260.0,250.0,19126750.0,2217
2023-05-11 11:01:05,pb2308,pb2308,15300.0,3.0,229500.0,2.0,12,15295.0,15305.0,1,15285.0,15260.0,15320.0,15260.0,253.0,19356250.0,2219
2023-05-11 11:01:05,pb2308,pb2308,15300.0,0.0,0.0,0.0,2,15300.0,15305.0,1,15285.0,15260.0,15320.0,15260.0,253.0,19356250.0,2219
2023-05-11 11:01:06,pb2308,pb2308,15300.0,0.0,0.0,0.0,2,15300.0,15305.0,1,15285.0,15260.0,15320.0,15260.0,253.0,19356250.0,2219
2023-05-11 11:01:06,pb2308,pb2308,15300.0,0.0,0.0,0.0,2,15300.0,15305.0,1,15285.0,15260.0,15320.0,15260.0,253.0,19356250.0,2219
2023-05-11 11:01:17,pb2308,pb2308,15300.0,0.0,0.0,0.0,2,15300.0,15315.0,2,15285.0,15260.0,15320.0,15260.0,253.0,19356250.0,2219
2023-05-11 11:01:18,pb2308,pb2308,15300.0,0.0,0.0,0.0,2,15300.0,15310.0,5,15285.0,15260.0,15320.0,15260.0,253.0,19356250.0,2219
2023-05-11 11:01:18,pb2308,pb2308,15300.0,0.0,0.0,0.0,2,15300.0,15305.0,2,15285.0,15260.0,15320.0,15260.0,253.0,19356250.0,2219
2023-05-11 11:01:19,pb2308,pb2308,15300.0,0.0,0.0,0.0,2,15300.0,15305.0,2,15285.0,15260.0,15320.0,15260.0,253.0,19356250.0,2219
2023-05-11 11:01:33,pb2308,pb2308,15300.0,0.0,0.0,0.0,10,15295.0,15305.0,2,15285.0,15260.0,15320.0,15260.0,253.0,19356250.0,2219
2023-05-11 11:01:34,pb2308,pb2308,15300.0,0.0,0.0,0.0,2,15295.0,15305.0,6,15285.0,15260.0,15320.0,15260.0,253.0,19356250.0,2219
2023-05-11 11:01:34,pb2308,pb2308,15300.0,0.0,0.0,0.0,2,15295.0,15305.0,3,15285.0,15260.0,15320.0,15260.0,253.0,19356250.0,2219
2023-05-11 11:01:35,pb2308,pb2308,15300.0,0.0,0.0,0.0,2,15295.0,15305.0,6,15285.0,15260.0,15320.0,15260.0,253.0,19356250.0,2219
2023-05-11 11:02:05,pb2308,pb2308,15300.0,0.0,0.0,0.0,2,15295.0,15305.0,6,15285.0,15260.0,15320.0,15260.0,253.0,19356250.0,2219
2023-05-11 11:03:25,pb2308,pb2308,15300.0,0.0,0.0,0.0,2,15295.0,15305.0,3,15285.0,15260.0,15320.0,15260.0,253.0,19356250.0,2219
2023-05-11 11:03:30,pb2308,pb2308,15300.0,0.0,0.0,0.0,9,15295.0,15305.0,3,15285.0,15260.0,15320.0,15260.0,253.0,19356250.0,2219
2023-05-11 11:03:30,pb2308,pb2308,15300.0,0.0,0.0,0.0,10,15295.0,15305.0,2,15285.0,15260.0,15320.0,15260.0,253.0,19356250.0,2219
2023-05-11 11:03:37,pb2308,pb2308,15300.0,0.0,0.0,0.0,9,15295.0,15305.0,2,15285.0,15260.0,15320.0,15260.0,253.0,19356250.0,2219
2023-05-11 11:03:41,pb2308,pb2308,15300.0,0.0,0.0,0.0,2,15295.0,15305.0,5,15285.0,15260.0,15320.0,15260.0,253.0,19356250.0,2219
2023-05-11 11:03:42,pb2308,pb2308,15300.0,0.0,0.0,0.0,2,15295.0,15305.0,6,15285.0,15260.0,15320.0,15260.0,253.0,19356250.0,2219
2023-05-11 11:03:43,pb2308,pb2308,15300.0,0.0,0.0,0.0,14,15295.0,15305.0,3,15285.0,15260.0,15320.0,15260.0,253.0,19356250.0,2219
2023-05-11 11:03:44,pb2308,pb2308,15300.0,0.0,0.0,0.0,2,15300.0,15305.0,2,15285.0,15260.0,15320.0,15260.0,253.0,19356250.0,2219
2023-05-11 11:03:44,pb2308,pb2308,15300.0,0.0,0.0,0.0,4,15300.0,15305.0,2,15285.0,15260.0,15320.0,15260.0,253.0,19356250.0,2219
2023-05-11 11:04:40,pb2308,pb2308,15300.0,0.0,0.0,0.0,4,15300.0,15310.0,2,15285.0,15260.0,15320.0,15260.0,253.0,19356250.0,2219
2023-05-11 11:04:40,pb2308,pb2308,15300.0,0.0,0.0,0.0,4,15300.0,15310.0,6,15285.0,15260.0,15320.0,15260.0,253.0,19356250.0,2219
2023-05-11 11:05:29,pb2308,pb2308,15300.0,0.0,0.0,0.0,2,15300.0,15310.0,6,15285.0,15260.0,15320.0,15260.0,253.0,19356250.0,2219
2023-05-11 11:08:19,pb2308,pb2308,15310.0,1.0,76550.0,0.0,2,15300.0,15310.0,5,15285.0,15260.0,15320.0,15260.0,254.0,19432800.0,2219
2023-05-11 11:09:06,pb2308,pb2308,15310.0,0.0,0.0,0.0,2,15300.0,15310.0,10,15285.0,15260.0,15320.0,15260.0,254.0,19432800.0,2219
2023-05-11 11:10:18,pb2308,pb2308,15310.0,0.0,0.0,0.0,2,15300.0,15310.0,11,15285.0,15260.0,15320.0,15260.0,254.0,19432800.0,2219
2023-05-11 11:11:49,pb2308,pb2308,15310.0,1.0,76550.0,0.0,2,15300.0,15310.0,12,15285.0,15260.0,15320.0,15260.0,255.0,19509350.0,2219
2023-05-11 11:11:50,pb2308,pb2308,15310.0,1.0,76550.0,1.0,2,15300.0,15310.0,11,15285.0,15260.0,15320.0,15260.0,256.0,19585900.0,2220
2023-05-11 11:12:36,pb2308,pb2308,15310.0,1.0,76550.0,1.0,2,15300.0,15310.0,10,15285.0,15260.0,15320.0,15260.0,257.0,19662450.0,2221
2023-05-11 11:12:46,pb2308,pb2308,15310.0,1.0,76550.0,1.0,2,15300.0,15310.0,11,15285.0,15260.0,15320.0,15260.0,258.0,19739000.0,2222
2023-05-11 11:13:29,pb2308,pb2308,15310.0,0.0,0.0,0.0,2,15300.0,15310.0,10,15285.0,15260.0,15320.0,15260.0,258.0,19739000.0,2222
2023-05-11 11:13:30,pb2308,pb2308,15310.0,2.0,153100.0,2.0,3,15300.0,15310.0,8,15285.0,15260.0,15320.0,15260.0,260.0,19892100.0,2224
2023-05-11 11:13:30,pb2308,pb2308,15310.0,2.0,153100.0,2.0,10,15300.0,15310.0,4,15285.0,15260.0,15320.0,15260.0,262.0,20045200.0,2226
2023-05-11 11:13:31,pb2308,pb2308,15310.0,0.0,0.0,0.0,10,15300.0,15310.0,4,15285.0,15260.0,15320.0,15260.0,262.0,20045200.0,2226
2023-05-11 11:13:38,pb2308,pb2308,15310.0,0.0,0.0,0.0,9,15300.0,15310.0,4,15285.0,15260.0,15320.0,15260.0,262.0,20045200.0,2226
2023-05-11 11:14:07,pb2308,pb2308,15310.0,0.0,0.0,0.0,10,15300.0,15310.0,4,15285.0,15260.0,15320.0,15260.0,262.0,20045200.0,2226
2023-05-11 11:14:09,pb2308,pb2308,15310.0,0.0,0.0,0.0,2,15300.0,15310.0,6,15285.0,15260.0,15320.0,15260.0,262.0,20045200.0,2226
2023-05-11 11:14:12,pb2308,pb2308,15310.0,0.0,0.0,0.0,10,15300.0,15310.0,4,15285.0,15260.0,15320.0,15260.0,262.0,20045200.0,2226
2023-05-11 11:14:12,pb2308,pb2308,15310.0,0.0,0.0,0.0,2,15300.0,15310.0,6,15285.0,15260.0,15320.0,15260.0,262.0,20045200.0,2226
2023-05-11 11:14:13,pb2308,pb2308,15310.0,0.0,0.0,0.0,2,15300.0,15310.0,7,15285.0,15260.0,15320.0,15260.0,262.0,20045200.0,2226
2023-05-11 11:14:14,pb2308,pb2308,15310.0,0.0,0.0,0.0,2,15300.0,15310.0,7,15285.0,15260.0,15320.0,15260.0,262.0,20045200.0,2226
2023-05-11 11:14:14,pb2308,pb2308,15310.0,0.0,0.0,0.0,2,15300.0,15310.0,7,15285.0,15260.0,15320.0,15260.0,262.0,20045200.0,2226
2023-05-11 11:16:06,pb2308,pb2308,15310.0,0.0,0.0,0.0,7,15300.0,15310.0,5,15285.0,15260.0,15320.0,15260.0,262.0,20045200.0,2226
2023-05-11 11:16:06,pb2308,pb2308,15310.0,0.0,0.0,0.0,14,15300.0,15310.0,5,15285.0,15260.0,15320.0,15260.0,262.0,20045200.0,2226
2023-05-11 11:16:07,pb2308,pb2308,15310.0,0.0,0.0,0.0,2,15300.0,15310.0,7,15285.0,15260.0,15320.0,15260.0,262.0,20045200.0,2226
2023-05-11 11:16:13,pb2308,pb2308,15310.0,0.0,0.0,0.0,14,15300.0,15310.0,5,15285.0,15260.0,15320.0,15260.0,262.0,20045200.0,2226
2023-05-11 11:16:13,pb2308,pb2308,15310.0,0.0,0.0,0.0,14,15300.0,15310.0,4,15285.0,15260.0,15320.0,15260.0,262.0,20045200.0,2226
2023-05-11 11:17:20,pb2308,pb2308,15310.0,0.0,0.0,0.0,14,15300.0,15310.0,4,15285.0,15260.0,15320.0,15260.0,262.0,20045200.0,2226
2023-05-11 11:17:21,pb2308,pb2308,15310.0,0.0,0.0,0.0,15,15300.0,15310.0,4,15285.0,15260.0,15320.0,15260.0,262.0,20045200.0,2226
2023-05-11 11:17:21,pb2308,pb2308,15310.0,0.0,0.0,0.0,15,15300.0,15310.0,4,15285.0,15260.0,15320.0,15260.0,262.0,20045200.0,2226
2023-05-11 11:17:28,pb2308,pb2308,15310.0,0.0,0.0,0.0,14,15300.0,15310.0,4,15285.0,15260.0,15320.0,15260.0,262.0,20045200.0,2226
2023-05-11 11:17:41,pb2308,pb2308,15310.0,0.0,0.0,0.0,14,15300.0,15310.0,4,15285.0,15260.0,15320.0,15260.0,262.0,20045200.0,2226
2023-05-11 11:17:42,pb2308,pb2308,15310.0,0.0,0.0,0.0,14,15300.0,15310.0,4,15285.0,15260.0,15320.0,15260.0,262.0,20045200.0,2226
2023-05-11 11:17:42,pb2308,pb2308,15310.0,0.0,0.0,0.0,2,15300.0,15310.0,4,15285.0,15260.0,15320.0,15260.0,262.0,20045200.0,2226
2023-05-11 11:17:43,pb2308,pb2308,15310.0,0.0,0.0,0.0,9,15300.0,15310.0,4,15285.0,15260.0,15320.0,15260.0,262.0,20045200.0,2226
2023-05-11 11:18:14,pb2308,pb2308,15310.0,0.0,0.0,0.0,2,15300.0,15310.0,4,15285.0,15260.0,15320.0,15260.0,262.0,20045200.0,2226
2023-05-11 11:18:14,pb2308,pb2308,15310.0,0.0,0.0,0.0,2,15300.0,15310.0,7,15285.0,15260.0,15320.0,15260.0,262.0,20045200.0,2226
2023-05-11 11:18:33,pb2308,pb2308,15310.0,0.0,0.0,0.0,7,15300.0,15310.0,4,15285.0,15260.0,15320.0,15260.0,262.0,20045200.0,2226
2023-05-11 11:18:34,pb2308,pb2308,15310.0,0.0,0.0,0.0,10,15300.0,15310.0,4,15285.0,15260.0,15320.0,15260.0,262.0,20045200.0,2226
2023-05-11 11:19:22,pb2308,pb2308,15310.0,0.0,0.0,0.0,2,15300.0,15310.0,4,15285.0,15260.0,15320.0,15260.0,262.0,20045200.0,2226
2023-05-11 11:19:22,pb2308,pb2308,15310.0,0.0,0.0,0.0,2,15300.0,15310.0,6,15285.0,15260.0,15320.0,15260.0,262.0,20045200.0,2226
2023-05-11 11:20:48,pb2308,pb2308,15310.0,0.0,0.0,0.0,2,15300.0,15310.0,4,15285.0,15260.0,15320.0,15260.0,262.0,20045200.0,2226
2023-05-11 11:20:55,pb2308,pb2308,15310.0,0.0,0.0,0.0,14,15300.0,15310.0,4,15285.0,15260.0,15320.0,15260.0,262.0,20045200.0,2226
2023-05-11 11:21:16,pb2308,pb2308,15310.0,0.0,0.0,0.0,15,15300.0,15310.0,4,15285.0,15260.0,15320.0,15260.0,262.0,20045200.0,2226
2023-05-11 11:21:25,pb2308,pb2308,15310.0,0.0,0.0,0.0,14,15300.0,15310.0,4,15285.0,15260.0,15320.0,15260.0,262.0,20045200.0,2226
2023-05-11 11:21:38,pb2308,pb2308,15310.0,0.0,0.0,0.0,14,15300.0,15310.0,6,15285.0,15260.0,15320.0,15260.0,262.0,20045200.0,2226
2023-05-11 11:22:07,pb2308,pb2308,15310.0,0.0,0.0,0.0,13,15300.0,15310.0,6,15285.0,15260.0,15320.0,15260.0,262.0,20045200.0,2226
2023-05-11 11:22:09,pb2308,pb2308,15310.0,0.0,0.0,0.0,14,15300.0,15310.0,6,15285.0,15260.0,15320.0,15260.0,262.0,20045200.0,2226
2023-05-11 11:22:21,pb2308,pb2308,15310.0,0.0,0.0,0.0,14,15300.0,15310.0,4,15285.0,15260.0,15320.0,15260.0,262.0,20045200.0,2226
2023-05-11 11:22:59,pb2308,pb2308,15310.0,0.0,0.0,0.0,14,15300.0,15310.0,6,15285.0,15260.0,15320.0,15260.0,262.0,20045200.0,2226
2023-05-11 11:24:14,pb2308,pb2308,15310.0,0.0,0.0,0.0,13,15300.0,15310.0,6,15285.0,15260.0,15320.0,15260.0,262.0,20045200.0,2226
2023-05-11 11:24:16,pb2308,pb2308,15310.0,0.0,0.0,0.0,14,15300.0,15310.0,6,15285.0,15260.0,15320.0,15260.0,262.0,20045200.0,2226
2023-05-11 11:26:05,pb2308,pb2308,15310.0,0.0,0.0,0.0,13,15300.0,15310.0,6,15285.0,15260.0,15320.0,15260.0,262.0,20045200.0,2226
2023-05-11 11:26:18,pb2308,pb2308,15310.0,0.0,0.0,0.0,14,15300.0,15310.0,6,15285.0,15260.0,15320.0,15260.0,262.0,20045200.0,2226
2023-05-11 11:26:47,pb2308,pb2308,15310.0,2.0,153100.0,2.0,14,15300.0,15310.0,4,15285.0,15260.0,15320.0,15260.0,264.0,20198300.0,2228
2023-05-11 11:26:47,pb2308,pb2308,15310.0,2.0,153100.0,0.0,14,15300.0,15310.0,2,15285.0,15260.0,15320.0,15260.0,266.0,20351400.0,2228
2023-05-11 11:27:03,pb2308,pb2308,15310.0,2.0,153100.0,0.0,14,15300.0,15315.0,1,15285.0,15260.0,15320.0,15260.0,268.0,20504500.0,2228
2023-05-11 11:27:04,pb2308,pb2308,15310.0,0.0,0.0,0.0,14,15300.0,15315.0,8,15285.0,15260.0,15320.0,15260.0,268.0,20504500.0,2228
2023-05-11 11:27:08,pb2308,pb2308,15315.0,1.0,76575.0,0.0,15,15300.0,15315.0,7,15285.0,15260.0,15320.0,15260.0,269.0,20581075.0,2228
2023-05-11 11:27:24,pb2308,pb2308,15315.0,0.0,0.0,0.0,15,15300.0,15315.0,6,15285.0,15260.0,15320.0,15260.0,269.0,20581075.0,2228
2023-05-11 11:28:01,pb2308,pb2308,15315.0,0.0,0.0,0.0,14,15300.0,15315.0,6,15285.0,15260.0,15320.0,15260.0,269.0,20581075.0,2228
2023-05-11 11:28:03,pb2308,pb2308,15315.0,0.0,0.0,0.0,14,15300.0,15315.0,6,15285.0,15260.0,15320.0,15260.0,269.0,20581075.0,2228
2023-05-11 11:28:20,pb2308,pb2308,15315.0,1.0,76575.0,0.0,14,15300.0,15315.0,5,15285.0,15260.0,15320.0,15260.0,270.0,20657650.0,2228
2023-05-11 11:28:34,pb2308,pb2308,15315.0,0.0,0.0,0.0,15,15300.0,15315.0,5,15285.0,15260.0,15320.0,15260.0,270.0,20657650.0,2228
2023-05-11 11:28:57,pb2308,pb2308,15315.0,0.0,0.0,0.0,15,15300.0,15315.0,3,15285.0,15260.0,15320.0,15260.0,270.0,20657650.0,2228
2023-05-11 11:29:00,pb2308,pb2308,15315.0,0.0,0.0,0.0,15,15300.0,15315.0,3,15285.0,15260.0,15320.0,15260.0,270.0,20657650.0,2228
2023-05-11 11:29:01,pb2308,pb2308,15315.0,0.0,0.0,0.0,15,15300.0,15315.0,3,15285.0,15260.0,15320.0,15260.0,270.0,20657650.0,2228
2023-05-11 11:29:01,pb2308,pb2308,15315.0,0.0,0.0,0.0,14,15300.0,15315.0,3,15285.0,15260.0,15320.0,15260.0,270.0,20657650.0,2228
2023-05-11 11:29:12,pb2308,pb2308,15315.0,0.0,0.0,0.0,14,15300.0,15315.0,3,15285.0,15260.0,15320.0,15260.0,270.0,20657650.0,2228
2023-05-11 11:29:32,pb2308,pb2308,15315.0,0.0,0.0,0.0,13,15300.0,15315.0,3,15285.0,15260.0,15320.0,15260.0,270.0,20657650.0,2228
2023-05-11 11:29:32,pb2308,pb2308,15315.0,0.0,0.0,0.0,11,15300.0,15315.0,3,15285.0,15260.0,15320.0,15260.0,270.0,20657650.0,2228
2023-05-11 11:29:38,pb2308,pb2308,15315.0,0.0,0.0,0.0,10,15300.0,15315.0,3,15285.0,15260.0,15320.0,15260.0,270.0,20657650.0,2228
2023-05-11 11:29:43,pb2308,pb2308,15315.0,2.0,153150.0,2.0,10,15300.0,15315.0,1,15285.0,15260.0,15320.0,15260.0,272.0,20810800.0,2230
2023-05-11 11:29:44,pb2308,pb2308,15315.0,0.0,0.0,0.0,10,15300.0,15320.0,2,15285.0,15260.0,15320.0,15260.0,272.0,20810800.0,2230
2023-05-11 11:29:45,pb2308,pb2308,15315.0,0.0,0.0,0.0,10,15300.0,15320.0,9,15285.0,15260.0,15320.0,15260.0,272.0,20810800.0,2230
2023-05-11 11:29:45,pb2308,pb2308,15315.0,0.0,0.0,0.0,5,15300.0,15320.0,2,15285.0,15260.0,15320.0,15260.0,272.0,20810800.0,2230
2023-05-11 11:29:48,pb2308,pb2308,15315.0,0.0,0.0,0.0,5,15300.0,15320.0,2,15285.0,15260.0,15320.0,15260.0,272.0,20810800.0,2230
2023-05-11 11:29:49,pb2308,pb2308,15315.0,0.0,0.0,0.0,5,15300.0,15320.0,1,15285.0,15260.0,15320.0,15260.0,272.0,20810800.0,2230
2023-05-11 11:29:51,pb2308,pb2308,15315.0,0.0,0.0,0.0,5,15300.0,15320.0,6,15285.0,15260.0,15320.0,15260.0,272.0,20810800.0,2230
2023-05-11 11:29:53,pb2308,pb2308,15315.0,0.0,0.0,0.0,1,15280.0,15320.0,6,15285.0,15260.0,15320.0,15260.0,272.0,20810800.0,2230
2023-05-11 11:29:54,pb2308,pb2308,15315.0,0.0,0.0,0.0,1,15280.0,15320.0,6,15285.0,15260.0,15320.0,15260.0,272.0,20810800.0,2230
2023-05-11 11:29:54,pb2308,pb2308,15315.0,0.0,0.0,0.0,10,15290.0,15320.0,6,15285.0,15260.0,15320.0,15260.0,272.0,20810800.0,2230
2023-05-11 11:29:55,pb2308,pb2308,15315.0,0.0,0.0,0.0,10,15290.0,15320.0,6,15285.0,15260.0,15320.0,15260.0,272.0,20810800.0,2230
2023-05-11 11:29:55,pb2308,pb2308,15315.0,0.0,0.0,0.0,5,15290.0,15320.0,6,15285.0,15260.0,15320.0,15260.0,272.0,20810800.0,2230
2023-05-11 11:29:56,pb2308,pb2308,15315.0,0.0,0.0,0.0,1,15280.0,15320.0,6,15285.0,15260.0,15320.0,15260.0,272.0,20810800.0,2230
2023-05-11 11:29:56,pb2308,pb2308,15315.0,0.0,0.0,0.0,1,15280.0,15320.0,6,15285.0,15260.0,15320.0,15260.0,272.0,20810800.0,2230
2023-05-11 11:29:57,pb2308,pb2308,15315.0,0.0,0.0,0.0,1,15280.0,15320.0,6,15285.0,15260.0,15320.0,15260.0,272.0,20810800.0,2230
2023-05-11 11:29:58,pb2308,pb2308,15315.0,0.0,0.0,0.0,1,15280.0,15320.0,1,15285.0,15260.0,15320.0,15260.0,272.0,20810800.0,2230
2023-05-11 11:29:58,pb2308,pb2308,15315.0,0.0,0.0,0.0,6,15280.0,15320.0,1,15285.0,15260.0,15320.0,15260.0,272.0,20810800.0,2230
2023-05-11 11:29:59,pb2308,pb2308,15315.0,0.0,0.0,0.0,6,15280.0,15320.0,1,15285.0,15260.0,15320.0,15260.0,272.0,20810800.0,2230
2023-05-11 13:30:01,pb2308,pb2308,15315.0,0.0,0.0,0.0,5,15290.0,15320.0,1,15285.0,15260.0,15320.0,15260.0,272.0,20810800.0,2230
2023-05-11 13:30:01,pb2308,pb2308,15315.0,0.0,0.0,0.0,10,15290.0,15320.0,1,15285.0,15260.0,15320.0,15260.0,272.0,20810800.0,2230
2023-05-11 13:30:02,pb2308,pb2308,15315.0,0.0,0.0,0.0,10,15290.0,15315.0,2,15285.0,15260.0,15320.0,15260.0,272.0,20810800.0,2230
2023-05-11 13:30:02,pb2308,pb2308,15315.0,0.0,0.0,0.0,5,15300.0,15315.0,2,15285.0,15260.0,15320.0,15260.0,272.0,20810800.0,2230
2023-05-11 13:30:03,pb2308,pb2308,15315.0,0.0,0.0,0.0,5,15300.0,15315.0,2,15285.0,15260.0,15320.0,15260.0,272.0,20810800.0,2230
2023-05-11 13:30:03,pb2308,pb2308,15315.0,0.0,0.0,0.0,7,15300.0,15315.0,2,15285.0,15260.0,15320.0,15260.0,272.0,20810800.0,2230
2023-05-11 13:30:04,pb2308,pb2308,15315.0,0.0,0.0,0.0,8,15300.0,15315.0,2,15285.0,15260.0,15320.0,15260.0,272.0,20810800.0,2230
2023-05-11 13:30:06,pb2308,pb2308,15315.0,0.0,0.0,0.0,8,15300.0,15315.0,2,15285.0,15260.0,15320.0,15260.0,272.0,20810800.0,2230
2023-05-11 13:30:10,pb2308,pb2308,15315.0,0.0,0.0,0.0,8,15300.0,15315.0,4,15285.0,15260.0,15320.0,15260.0,272.0,20810800.0,2230
2023-05-11 13:30:17,pb2308,pb2308,15315.0,0.0,0.0,0.0,9,15300.0,15315.0,4,15285.0,15260.0,15320.0,15260.0,272.0,20810800.0,2230
2023-05-11 13:30:40,pb2308,pb2308,15315.0,0.0,0.0,0.0,9,15300.0,15315.0,4,15285.0,15260.0,15320.0,15260.0,272.0,20810800.0,2230
2023-05-11 13:31:00,pb2308,pb2308,15315.0,0.0,0.0,0.0,9,15300.0,15315.0,4,15285.0,15260.0,15320.0,15260.0,272.0,20810800.0,2230
2023-05-11 13:31:17,pb2308,pb2308,15300.0,1.0,76500.0,0.0,2,15295.0,15310.0,1,15285.0,15260.0,15320.0,15260.0,273.0,20887300.0,2230
2023-05-11 13:31:18,pb2308,pb2308,15300.0,0.0,0.0,0.0,2,15295.0,15305.0,2,15285.0,15260.0,15320.0,15260.0,273.0,20887300.0,2230
2023-05-11 13:31:18,pb2308,pb2308,15300.0,0.0,0.0,0.0,14,15295.0,15305.0,2,15285.0,15260.0,15320.0,15260.0,273.0,20887300.0,2230
2023-05-11 13:31:19,pb2308,pb2308,15300.0,0.0,0.0,0.0,15,15295.0,15305.0,2,15285.0,15260.0,15320.0,15260.0,273.0,20887300.0,2230
2023-05-11 13:31:25,pb2308,pb2308,15295.0,4.0,305900.0,2.0,8,15280.0,15305.0,4,15285.0,15260.0,15320.0,15260.0,277.0,21193200.0,2232
2023-05-11 13:31:25,pb2308,pb2308,15295.0,0.0,0.0,0.0,12,15290.0,15305.0,4,15285.0,15260.0,15320.0,15260.0,277.0,21193200.0,2232
2023-05-11 13:31:26,pb2308,pb2308,15295.0,0.0,0.0,0.0,14,15290.0,15305.0,4,15285.0,15260.0,15320.0,15260.0,277.0,21193200.0,2232
2023-05-11 13:31:31,pb2308,pb2308,15295.0,0.0,0.0,0.0,14,15290.0,15305.0,4,15285.0,15260.0,15320.0,15260.0,277.0,21193200.0,2232
2023-05-11 13:31:40,pb2308,pb2308,15295.0,0.0,0.0,0.0,14,15290.0,15305.0,5,15285.0,15260.0,15320.0,15260.0,277.0,21193200.0,2232
2023-05-11 13:31:49,pb2308,pb2308,15295.0,0.0,0.0,0.0,14,15290.0,15305.0,5,15285.0,15260.0,15320.0,15260.0,277.0,21193200.0,2232
2023-05-11 13:32:07,pb2308,pb2308,15295.0,0.0,0.0,0.0,14,15290.0,15305.0,4,15285.0,15260.0,15320.0,15260.0,277.0,21193200.0,2232
2023-05-11 13:32:18,pb2308,pb2308,15295.0,0.0,0.0,0.0,15,15290.0,15305.0,4,15285.0,15260.0,15320.0,15260.0,277.0,21193200.0,2232
2023-05-11 13:32:49,pb2308,pb2308,15295.0,0.0,0.0,0.0,15,15290.0,15305.0,4,15285.0,15260.0,15320.0,15260.0,277.0,21193200.0,2232
2023-05-11 13:33:16,pb2308,pb2308,15295.0,0.0,0.0,0.0,17,15290.0,15305.0,4,15285.0,15260.0,15320.0,15260.0,277.0,21193200.0,2232
2023-05-11 13:33:17,pb2308,pb2308,15295.0,0.0,0.0,0.0,17,15290.0,15305.0,4,15285.0,15260.0,15320.0,15260.0,277.0,21193200.0,2232
2023-05-11 13:33:17,pb2308,pb2308,15295.0,0.0,0.0,0.0,16,15290.0,15305.0,4,15285.0,15260.0,15320.0,15260.0,277.0,21193200.0,2232
2023-05-11 13:33:50,pb2308,pb2308,15295.0,0.0,0.0,0.0,2,15290.0,15305.0,3,15285.0,15260.0,15320.0,15260.0,277.0,21193200.0,2232
2023-05-11 13:33:51,pb2308,pb2308,15295.0,0.0,0.0,0.0,2,15290.0,15300.0,2,15285.0,15260.0,15320.0,15260.0,277.0,21193200.0,2232
2023-05-11 13:33:51,pb2308,pb2308,15295.0,0.0,0.0,0.0,2,15290.0,15300.0,6,15285.0,15260.0,15320.0,15260.0,277.0,21193200.0,2232
2023-05-11 13:33:52,pb2308,pb2308,15295.0,0.0,0.0,0.0,2,15290.0,15300.0,6,15285.0,15260.0,15320.0,15260.0,277.0,21193200.0,2232
2023-05-11 13:34:32,pb2308,pb2308,15295.0,0.0,0.0,0.0,4,15280.0,15300.0,6,15285.0,15260.0,15320.0,15260.0,277.0,21193200.0,2232
2023-05-11 13:34:32,pb2308,pb2308,15295.0,0.0,0.0,0.0,13,15285.0,15300.0,6,15285.0,15260.0,15320.0,15260.0,277.0,21193200.0,2232
2023-05-11 13:34:33,pb2308,pb2308,15295.0,0.0,0.0,0.0,14,15285.0,15300.0,7,15285.0,15260.0,15320.0,15260.0,277.0,21193200.0,2232
2023-05-11 13:34:33,pb2308,pb2308,15295.0,0.0,0.0,0.0,14,15285.0,15300.0,7,15285.0,15260.0,15320.0,15260.0,277.0,21193200.0,2232
2023-05-11 13:34:43,pb2308,pb2308,15295.0,0.0,0.0,0.0,14,15285.0,15300.0,6,15285.0,15260.0,15320.0,15260.0,277.0,21193200.0,2232
2023-05-11 13:35:13,pb2308,pb2308,15295.0,0.0,0.0,0.0,14,15285.0,15300.0,6,15285.0,15260.0,15320.0,15260.0,277.0,21193200.0,2232
2023-05-11 13:35:38,pb2308,pb2308,15295.0,0.0,0.0,0.0,15,15285.0,15300.0,6,15285.0,15260.0,15320.0,15260.0,277.0,21193200.0,2232
2023-05-11 13:35:58,pb2308,pb2308,15295.0,0.0,0.0,0.0,17,15285.0,15300.0,6,15285.0,15260.0,15320.0,15260.0,277.0,21193200.0,2232
2023-05-11 13:35:59,pb2308,pb2308,15295.0,0.0,0.0,0.0,7,15290.0,15300.0,4,15285.0,15260.0,15320.0,15260.0,277.0,21193200.0,2232
2023-05-11 13:35:59,pb2308,pb2308,15295.0,0.0,0.0,0.0,10,15290.0,15300.0,3,15285.0,15260.0,15320.0,15260.0,277.0,21193200.0,2232
2023-05-11 13:36:00,pb2308,pb2308,15295.0,0.0,0.0,0.0,3,15290.0,15300.0,3,15285.0,15260.0,15320.0,15260.0,277.0,21193200.0,2232
2023-05-11 13:36:01,pb2308,pb2308,15295.0,0.0,0.0,0.0,10,15290.0,15300.0,3,15285.0,15260.0,15320.0,15260.0,277.0,21193200.0,2232
2023-05-11 13:36:01,pb2308,pb2308,15295.0,0.0,0.0,0.0,3,15290.0,15300.0,3,15285.0,15260.0,15320.0,15260.0,277.0,21193200.0,2232
2023-05-11 13:36:02,pb2308,pb2308,15295.0,0.0,0.0,0.0,11,15290.0,15300.0,3,15285.0,15260.0,15320.0,15260.0,277.0,21193200.0,2232
2023-05-11 13:36:02,pb2308,pb2308,15295.0,0.0,0.0,0.0,3,15290.0,15300.0,3,15285.0,15260.0,15320.0,15260.0,277.0,21193200.0,2232
2023-05-11 13:36:03,pb2308,pb2308,15295.0,0.0,0.0,0.0,11,15290.0,15300.0,3,15285.0,15260.0,15320.0,15260.0,277.0,21193200.0,2232
2023-05-11 13:36:04,pb2308,pb2308,15295.0,0.0,0.0,0.0,3,15290.0,15300.0,3,15285.0,15260.0,15320.0,15260.0,277.0,21193200.0,2232
2023-05-11 13:36:10,pb2308,pb2308,15295.0,0.0,0.0,0.0,3,15290.0,15300.0,4,15285.0,15260.0,15320.0,15260.0,277.0,21193200.0,2232
2023-05-11 13:36:11,pb2308,pb2308,15295.0,0.0,0.0,0.0,3,15290.0,15300.0,5,15285.0,15260.0,15320.0,15260.0,277.0,21193200.0,2232
2023-05-11 13:36:12,pb2308,pb2308,15295.0,0.0,0.0,0.0,3,15290.0,15300.0,4,15285.0,15260.0,15320.0,15260.0,277.0,21193200.0,2232
2023-05-11 13:39:47,pb2308,pb2308,15295.0,0.0,0.0,0.0,4,15290.0,15300.0,4,15285.0,15260.0,15320.0,15260.0,277.0,21193200.0,2232
2023-05-11 13:40:14,pb2308,pb2308,15295.0,0.0,0.0,0.0,18,15295.0,15300.0,4,15285.0,15260.0,15320.0,15260.0,277.0,21193200.0,2232
2023-05-11 13:40:14,pb2308,pb2308,15295.0,0.0,0.0,0.0,18,15295.0,15300.0,4,15285.0,15260.0,15320.0,15260.0,277.0,21193200.0,2232
2023-05-11 13:40:34,pb2308,pb2308,15295.0,0.0,0.0,0.0,18,15295.0,15300.0,9,15285.0,15260.0,15320.0,15260.0,277.0,21193200.0,2232
2023-05-11 13:40:35,pb2308,pb2308,15295.0,0.0,0.0,0.0,18,15295.0,15300.0,10,15285.0,15260.0,15320.0,15260.0,277.0,21193200.0,2232
2023-05-11 13:40:59,pb2308,pb2308,15295.0,18.0,1376550.0,0.0,5,15290.0,15300.0,10,15285.0,15260.0,15320.0,15260.0,295.0,22569750.0,2232
2023-05-11 13:40:59,pb2308,pb2308,15295.0,0.0,0.0,0.0,4,15290.0,15300.0,11,15285.0,15260.0,15320.0,15260.0,295.0,22569750.0,2232
2023-05-11 13:41:02,pb2308,pb2308,15295.0,0.0,0.0,0.0,4,15290.0,15295.0,1,15285.0,15260.0,15320.0,15260.0,295.0,22569750.0,2232
2023-05-11 13:41:03,pb2308,pb2308,15295.0,0.0,0.0,0.0,4,15290.0,15295.0,3,15285.0,15260.0,15320.0,15260.0,295.0,22569750.0,2232
2023-05-11 13:41:03,pb2308,pb2308,15295.0,0.0,0.0,0.0,4,15290.0,15295.0,3,15285.0,15260.0,15320.0,15260.0,295.0,22569750.0,2232
2023-05-11 13:41:06,pb2308,pb2308,15295.0,0.0,0.0,0.0,4,15290.0,15295.0,4,15285.0,15260.0,15320.0,15260.0,295.0,22569750.0,2232
2023-05-11 13:41:08,pb2308,pb2308,15295.0,0.0,0.0,0.0,1,15290.0,15295.0,6,15285.0,15260.0,15320.0,15260.0,295.0,22569750.0,2232
2023-05-11 13:41:08,pb2308,pb2308,15295.0,0.0,0.0,0.0,1,15290.0,15295.0,6,15285.0,15260.0,15320.0,15260.0,295.0,22569750.0,2232
2023-05-11 13:44:07,pb2308,pb2308,15295.0,0.0,0.0,0.0,1,15290.0,15295.0,4,15285.0,15260.0,15320.0,15260.0,295.0,22569750.0,2232
2023-05-11 13:44:11,pb2308,pb2308,15295.0,0.0,0.0,0.0,1,15290.0,15295.0,6,15285.0,15260.0,15320.0,15260.0,295.0,22569750.0,2232
2023-05-11 13:45:25,pb2308,pb2308,15295.0,1.0,76475.0,0.0,3,15290.0,15295.0,3,15285.0,15260.0,15320.0,15260.0,296.0,22646225.0,2232
2023-05-11 13:45:25,pb2308,pb2308,15295.0,0.0,0.0,0.0,3,15290.0,15300.0,9,15285.0,15260.0,15320.0,15260.0,296.0,22646225.0,2232
2023-05-11 13:45:26,pb2308,pb2308,15295.0,0.0,0.0,0.0,3,15290.0,15300.0,10,15285.0,15260.0,15320.0,15260.0,296.0,22646225.0,2232
2023-05-11 13:45:26,pb2308,pb2308,15295.0,0.0,0.0,0.0,3,15290.0,15295.0,2,15285.0,15260.0,15320.0,15260.0,296.0,22646225.0,2232
2023-05-11 13:45:27,pb2308,pb2308,15295.0,0.0,0.0,0.0,3,15290.0,15295.0,2,15285.0,15260.0,15320.0,15260.0,296.0,22646225.0,2232
2023-05-11 13:45:37,pb2308,pb2308,15295.0,0.0,0.0,0.0,1,15290.0,15295.0,2,15285.0,15260.0,15320.0,15260.0,296.0,22646225.0,2232
2023-05-11 13:45:37,pb2308,pb2308,15295.0,0.0,0.0,0.0,1,15290.0,15295.0,3,15285.0,15260.0,15320.0,15260.0,296.0,22646225.0,2232
2023-05-11 13:45:55,pb2308,pb2308,15295.0,0.0,0.0,0.0,1,15290.0,15295.0,8,15285.0,15260.0,15320.0,15260.0,296.0,22646225.0,2232
2023-05-11 13:45:55,pb2308,pb2308,15295.0,0.0,0.0,0.0,1,15290.0,15295.0,8,15285.0,15260.0,15320.0,15260.0,296.0,22646225.0,2232
2023-05-11 13:46:31,pb2308,pb2308,15295.0,0.0,0.0,0.0,2,15290.0,15295.0,8,15285.0,15260.0,15320.0,15260.0,296.0,22646225.0,2232
2023-05-11 13:47:27,pb2308,pb2308,15295.0,0.0,0.0,0.0,4,15290.0,15295.0,8,15285.0,15260.0,15320.0,15260.0,296.0,22646225.0,2232
2023-05-11 13:48:39,pb2308,pb2308,15295.0,0.0,0.0,0.0,2,15290.0,15295.0,8,15285.0,15260.0,15320.0,15260.0,296.0,22646225.0,2232
2023-05-11 13:48:55,pb2308,pb2308,15295.0,0.0,0.0,0.0,1,15290.0,15295.0,8,15285.0,15260.0,15320.0,15260.0,296.0,22646225.0,2232
2023-05-11 13:49:14,pb2308,pb2308,15290.0,1.0,76450.0,0.0,2,15285.0,15295.0,8,15285.0,15260.0,15320.0,15260.0,297.0,22722675.0,2232
2023-05-11 13:49:15,pb2308,pb2308,15290.0,0.0,0.0,0.0,2,15285.0,15290.0,2,15285.0,15260.0,15320.0,15260.0,297.0,22722675.0,2232
2023-05-11 13:49:15,pb2308,pb2308,15290.0,0.0,0.0,0.0,2,15285.0,15290.0,4,15285.0,15260.0,15320.0,15260.0,297.0,22722675.0,2232
2023-05-11 13:49:16,pb2308,pb2308,15290.0,0.0,0.0,0.0,2,15285.0,15290.0,5,15285.0,15260.0,15320.0,15260.0,297.0,22722675.0,2232
2023-05-11 13:49:22,pb2308,pb2308,15290.0,0.0,0.0,0.0,2,15285.0,15290.0,3,15285.0,15260.0,15320.0,15260.0,297.0,22722675.0,2232
2023-05-11 13:49:41,pb2308,pb2308,15290.0,0.0,0.0,0.0,2,15285.0,15290.0,1,15285.0,15260.0,15320.0,15260.0,297.0,22722675.0,2232
2023-05-11 13:49:41,pb2308,pb2308,15290.0,0.0,0.0,0.0,2,15285.0,15295.0,8,15285.0,15260.0,15320.0,15260.0,297.0,22722675.0,2232
2023-05-11 13:49:42,pb2308,pb2308,15290.0,0.0,0.0,0.0,2,15285.0,15295.0,9,15285.0,15260.0,15320.0,15260.0,297.0,22722675.0,2232
2023-05-11 13:49:43,pb2308,pb2308,15290.0,0.0,0.0,0.0,2,15285.0,15295.0,10,15285.0,15260.0,15320.0,15260.0,297.0,22722675.0,2232
2023-05-11 13:49:50,pb2308,pb2308,15290.0,0.0,0.0,0.0,2,15285.0,15290.0,2,15285.0,15260.0,15320.0,15260.0,297.0,22722675.0,2232
2023-05-11 13:50:34,pb2308,pb2308,15290.0,0.0,0.0,0.0,2,15285.0,15295.0,10,15285.0,15260.0,15320.0,15260.0,297.0,22722675.0,2232
2023-05-11 13:50:34,pb2308,pb2308,15290.0,0.0,0.0,0.0,2,15285.0,15290.0,2,15285.0,15260.0,15320.0,15260.0,297.0,22722675.0,2232
2023-05-11 13:50:38,pb2308,pb2308,15290.0,0.0,0.0,0.0,2,15285.0,15295.0,10,15285.0,15260.0,15320.0,15260.0,297.0,22722675.0,2232
2023-05-11 13:50:40,pb2308,pb2308,15290.0,0.0,0.0,0.0,2,15285.0,15290.0,2,15285.0,15260.0,15320.0,15260.0,297.0,22722675.0,2232
2023-05-11 13:50:54,pb2308,pb2308,15290.0,0.0,0.0,0.0,2,15285.0,15290.0,7,15285.0,15260.0,15320.0,15260.0,297.0,22722675.0,2232
2023-05-11 13:51:37,pb2308,pb2308,15290.0,0.0,0.0,0.0,2,15285.0,15290.0,5,15285.0,15260.0,15320.0,15260.0,297.0,22722675.0,2232
2023-05-11 13:51:37,pb2308,pb2308,15290.0,1.0,76450.0,1.0,13,15285.0,15290.0,4,15285.0,15260.0,15320.0,15260.0,298.0,22799125.0,2233
2023-05-11 13:51:38,pb2308,pb2308,15290.0,0.0,0.0,0.0,13,15285.0,15290.0,4,15285.0,15260.0,15320.0,15260.0,298.0,22799125.0,2233
2023-05-11 13:51:42,pb2308,pb2308,15290.0,4.0,305800.0,0.0,6,15290.0,15295.0,2,15285.0,15260.0,15320.0,15260.0,302.0,23104925.0,2233
2023-05-11 13:51:42,pb2308,pb2308,15290.0,0.0,0.0,0.0,6,15290.0,15295.0,2,15285.0,15260.0,15320.0,15260.0,302.0,23104925.0,2233
2023-05-11 13:51:43,pb2308,pb2308,15290.0,0.0,0.0,0.0,2,15290.0,15295.0,2,15285.0,15260.0,15320.0,15260.0,302.0,23104925.0,2233
2023-05-11 13:52:14,pb2308,pb2308,15290.0,0.0,0.0,0.0,3,15285.0,15295.0,2,15285.0,15260.0,15320.0,15260.0,302.0,23104925.0,2233
2023-05-11 13:52:15,pb2308,pb2308,15290.0,0.0,0.0,0.0,3,15285.0,15295.0,2,15285.0,15260.0,15320.0,15260.0,302.0,23104925.0,2233
2023-05-11 13:52:15,pb2308,pb2308,15290.0,0.0,0.0,0.0,3,15285.0,15295.0,4,15285.0,15260.0,15320.0,15260.0,302.0,23104925.0,2233
2023-05-11 13:52:20,pb2308,pb2308,15290.0,0.0,0.0,0.0,2,15285.0,15295.0,4,15285.0,15260.0,15320.0,15260.0,302.0,23104925.0,2233
2023-05-11 13:53:48,pb2308,pb2308,15290.0,0.0,0.0,0.0,2,15285.0,15295.0,5,15285.0,15260.0,15320.0,15260.0,302.0,23104925.0,2233
2023-05-11 13:54:07,pb2308,pb2308,15290.0,0.0,0.0,0.0,7,15285.0,15295.0,3,15285.0,15260.0,15320.0,15260.0,302.0,23104925.0,2233
2023-05-11 13:54:07,pb2308,pb2308,15290.0,0.0,0.0,0.0,14,15285.0,15295.0,2,15285.0,15260.0,15320.0,15260.0,302.0,23104925.0,2233
2023-05-11 13:54:15,pb2308,pb2308,15290.0,0.0,0.0,0.0,10,15285.0,15295.0,2,15285.0,15260.0,15320.0,15260.0,302.0,23104925.0,2233
2023-05-11 13:54:16,pb2308,pb2308,15290.0,0.0,0.0,0.0,2,15285.0,15295.0,2,15285.0,15260.0,15320.0,15260.0,302.0,23104925.0,2233
2023-05-11 13:54:16,pb2308,pb2308,15290.0,0.0,0.0,0.0,14,15285.0,15295.0,2,15285.0,15260.0,15320.0,15260.0,302.0,23104925.0,2233
2023-05-11 13:54:17,pb2308,pb2308,15290.0,0.0,0.0,0.0,2,15285.0,15295.0,2,15285.0,15260.0,15320.0,15260.0,302.0,23104925.0,2233
2023-05-11 13:54:17,pb2308,pb2308,15290.0,0.0,0.0,0.0,13,15285.0,15295.0,2,15285.0,15260.0,15320.0,15260.0,302.0,23104925.0,2233
2023-05-11 13:57:08,pb2308,pb2308,15290.0,0.0,0.0,0.0,13,15285.0,15295.0,3,15285.0,15260.0,15320.0,15260.0,302.0,23104925.0,2233
2023-05-11 13:57:48,pb2308,pb2308,15290.0,0.0,0.0,0.0,1,15290.0,15295.0,3,15285.0,15260.0,15320.0,15260.0,302.0,23104925.0,2233
2023-05-11 13:57:49,pb2308,pb2308,15290.0,0.0,0.0,0.0,1,15290.0,15295.0,2,15285.0,15260.0,15320.0,15260.0,302.0,23104925.0,2233
2023-05-11 13:58:03,pb2308,pb2308,15290.0,0.0,0.0,0.0,3,15290.0,15295.0,2,15285.0,15260.0,15320.0,15260.0,302.0,23104925.0,2233
2023-05-11 13:58:23,pb2308,pb2308,15290.0,0.0,0.0,0.0,3,15290.0,15295.0,7,15285.0,15260.0,15320.0,15260.0,302.0,23104925.0,2233
2023-05-11 13:58:23,pb2308,pb2308,15290.0,0.0,0.0,0.0,3,15290.0,15295.0,8,15285.0,15260.0,15320.0,15260.0,302.0,23104925.0,2233
2023-05-11 14:00:01,pb2308,pb2308,15290.0,0.0,0.0,0.0,3,15290.0,15295.0,5,15285.0,15260.0,15320.0,15260.0,302.0,23104925.0,2233
2023-05-11 14:00:02,pb2308,pb2308,15290.0,0.0,0.0,0.0,3,15290.0,15295.0,5,15285.0,15260.0,15320.0,15260.0,302.0,23104925.0,2233
2023-05-11 14:00:23,pb2308,pb2308,15290.0,0.0,0.0,0.0,3,15290.0,15300.0,3,15285.0,15260.0,15320.0,15260.0,302.0,23104925.0,2233
2023-05-11 14:00:24,pb2308,pb2308,15290.0,0.0,0.0,0.0,3,15290.0,15300.0,3,15285.0,15260.0,15320.0,15260.0,302.0,23104925.0,2233
2023-05-11 14:01:48,pb2308,pb2308,15290.0,0.0,0.0,0.0,3,15290.0,15300.0,4,15285.0,15260.0,15320.0,15260.0,302.0,23104925.0,2233
2023-05-11 14:01:48,pb2308,pb2308,15290.0,0.0,0.0,0.0,3,15290.0,15300.0,7,15285.0,15260.0,15320.0,15260.0,302.0,23104925.0,2233
2023-05-11 14:02:00,pb2308,pb2308,15290.0,0.0,0.0,0.0,3,15290.0,15300.0,6,15285.0,15260.0,15320.0,15260.0,302.0,23104925.0,2233
2023-05-11 14:02:38,pb2308,pb2308,15290.0,0.0,0.0,0.0,3,15290.0,15295.0,5,15285.0,15260.0,15320.0,15260.0,302.0,23104925.0,2233
2023-05-11 14:03:00,pb2308,pb2308,15290.0,0.0,0.0,0.0,3,15290.0,15295.0,7,15285.0,15260.0,15320.0,15260.0,302.0,23104925.0,2233
2023-05-11 14:03:16,pb2308,pb2308,15290.0,0.0,0.0,0.0,1,15290.0,15295.0,7,15285.0,15260.0,15320.0,15260.0,302.0,23104925.0,2233
2023-05-11 14:03:16,pb2308,pb2308,15290.0,1.0,76450.0,0.0,2,15285.0,15295.0,9,15285.0,15260.0,15320.0,15260.0,303.0,23181375.0,2233
2023-05-11 14:03:22,pb2308,pb2308,15290.0,0.0,0.0,0.0,2,15285.0,15295.0,10,15285.0,15260.0,15320.0,15260.0,303.0,23181375.0,2233
2023-05-11 14:03:55,pb2308,pb2308,15290.0,0.0,0.0,0.0,3,15280.0,15295.0,10,15285.0,15260.0,15320.0,15260.0,303.0,23181375.0,2233
2023-05-11 14:03:56,pb2308,pb2308,15290.0,0.0,0.0,0.0,3,15280.0,15290.0,1,15285.0,15260.0,15320.0,15260.0,303.0,23181375.0,2233
2023-05-11 14:03:56,pb2308,pb2308,15290.0,0.0,0.0,0.0,3,15280.0,15290.0,4,15285.0,15260.0,15320.0,15260.0,303.0,23181375.0,2233
2023-05-11 14:04:11,pb2308,pb2308,15290.0,0.0,0.0,0.0,3,15280.0,15290.0,4,15285.0,15260.0,15320.0,15260.0,303.0,23181375.0,2233
2023-05-11 14:04:12,pb2308,pb2308,15290.0,0.0,0.0,0.0,3,15280.0,15290.0,4,15285.0,15260.0,15320.0,15260.0,303.0,23181375.0,2233
2023-05-11 14:04:28,pb2308,pb2308,15290.0,0.0,0.0,0.0,3,15280.0,15290.0,4,15285.0,15260.0,15320.0,15260.0,303.0,23181375.0,2233
2023-05-11 14:04:29,pb2308,pb2308,15290.0,0.0,0.0,0.0,15,15280.0,15290.0,2,15285.0,15260.0,15320.0,15260.0,303.0,23181375.0,2233
2023-05-11 14:04:29,pb2308,pb2308,15290.0,0.0,0.0,0.0,16,15280.0,15290.0,2,15285.0,15260.0,15320.0,15260.0,303.0,23181375.0,2233
2023-05-11 14:04:30,pb2308,pb2308,15290.0,0.0,0.0,0.0,15,15280.0,15290.0,2,15285.0,15260.0,15320.0,15260.0,303.0,23181375.0,2233
2023-05-11 14:04:31,pb2308,pb2308,15290.0,0.0,0.0,0.0,11,15280.0,15290.0,2,15285.0,15260.0,15320.0,15260.0,303.0,23181375.0,2233
2023-05-11 14:04:31,pb2308,pb2308,15290.0,0.0,0.0,0.0,4,15280.0,15290.0,4,15285.0,15260.0,15320.0,15260.0,303.0,23181375.0,2233
2023-05-11 14:04:32,pb2308,pb2308,15290.0,0.0,0.0,0.0,3,15280.0,15290.0,2,15285.0,15260.0,15320.0,15260.0,303.0,23181375.0,2233
2023-05-11 14:04:33,pb2308,pb2308,15290.0,0.0,0.0,0.0,15,15280.0,15290.0,2,15285.0,15260.0,15320.0,15260.0,303.0,23181375.0,2233
2023-05-11 14:04:33,pb2308,pb2308,15290.0,0.0,0.0,0.0,16,15280.0,15290.0,2,15285.0,15260.0,15320.0,15260.0,303.0,23181375.0,2233
2023-05-11 14:04:47,pb2308,pb2308,15290.0,0.0,0.0,0.0,3,15280.0,15290.0,2,15285.0,15260.0,15320.0,15260.0,303.0,23181375.0,2233
2023-05-11 14:04:47,pb2308,pb2308,15290.0,0.0,0.0,0.0,3,15280.0,15290.0,3,15285.0,15260.0,15320.0,15260.0,303.0,23181375.0,2233
2023-05-11 14:05:16,pb2308,pb2308,15290.0,0.0,0.0,0.0,8,15280.0,15290.0,2,15285.0,15260.0,15320.0,15260.0,303.0,23181375.0,2233
2023-05-11 14:05:16,pb2308,pb2308,15290.0,0.0,0.0,0.0,15,15280.0,15290.0,2,15285.0,15260.0,15320.0,15260.0,303.0,23181375.0,2233
2023-05-11 14:07:38,pb2308,pb2308,15290.0,0.0,0.0,0.0,12,15280.0,15290.0,2,15285.0,15260.0,15320.0,15260.0,303.0,23181375.0,2233
2023-05-11 14:07:39,pb2308,pb2308,15290.0,0.0,0.0,0.0,3,15280.0,15290.0,2,15285.0,15260.0,15320.0,15260.0,303.0,23181375.0,2233
2023-05-11 14:07:39,pb2308,pb2308,15290.0,0.0,0.0,0.0,15,15280.0,15290.0,2,15285.0,15260.0,15320.0,15260.0,303.0,23181375.0,2233
2023-05-11 14:08:02,pb2308,pb2308,15290.0,0.0,0.0,0.0,3,15280.0,15290.0,2,15285.0,15260.0,15320.0,15260.0,303.0,23181375.0,2233
2023-05-11 14:08:02,pb2308,pb2308,15290.0,0.0,0.0,0.0,11,15280.0,15290.0,3,15285.0,15260.0,15320.0,15260.0,303.0,23181375.0,2233
2023-05-11 14:10:30,pb2308,pb2308,15290.0,0.0,0.0,0.0,11,15280.0,15290.0,8,15285.0,15260.0,15320.0,15260.0,303.0,23181375.0,2233
2023-05-11 14:13:24,pb2308,pb2308,15290.0,0.0,0.0,0.0,3,15285.0,15290.0,8,15285.0,15260.0,15320.0,15260.0,303.0,23181375.0,2233
2023-05-11 14:13:24,pb2308,pb2308,15290.0,0.0,0.0,0.0,3,15285.0,15290.0,7,15285.0,15260.0,15320.0,15260.0,303.0,23181375.0,2233
2023-05-11 14:13:26,pb2308,pb2308,15290.0,0.0,0.0,0.0,6,15285.0,15290.0,7,15285.0,15260.0,15320.0,15260.0,303.0,23181375.0,2233
2023-05-11 14:13:41,pb2308,pb2308,15290.0,0.0,0.0,0.0,3,15285.0,15290.0,7,15285.0,15260.0,15320.0,15260.0,303.0,23181375.0,2233
2023-05-11 14:15:02,pb2308,pb2308,15290.0,0.0,0.0,0.0,3,15285.0,15290.0,7,15285.0,15260.0,15320.0,15260.0,303.0,23181375.0,2233
2023-05-11 14:19:16,pb2308,pb2308,15290.0,0.0,0.0,0.0,3,15285.0,15290.0,7,15285.0,15260.0,15320.0,15260.0,303.0,23181375.0,2233
2023-05-11 14:19:41,pb2308,pb2308,15290.0,0.0,0.0,0.0,3,15285.0,15290.0,7,15285.0,15260.0,15320.0,15260.0,303.0,23181375.0,2233
2023-05-11 14:19:42,pb2308,pb2308,15290.0,0.0,0.0,0.0,3,15285.0,15290.0,7,15285.0,15260.0,15320.0,15260.0,303.0,23181375.0,2233
2023-05-11 14:20:10,pb2308,pb2308,15290.0,0.0,0.0,0.0,3,15285.0,15290.0,5,15285.0,15260.0,15320.0,15260.0,303.0,23181375.0,2233
2023-05-11 14:20:38,pb2308,pb2308,15290.0,0.0,0.0,0.0,3,15285.0,15290.0,7,15285.0,15260.0,15320.0,15260.0,303.0,23181375.0,2233
2023-05-11 14:23:38,pb2308,pb2308,15290.0,0.0,0.0,0.0,3,15285.0,15290.0,2,15285.0,15260.0,15320.0,15260.0,303.0,23181375.0,2233
2023-05-11 14:23:39,pb2308,pb2308,15290.0,0.0,0.0,0.0,4,15285.0,15290.0,2,15285.0,15260.0,15320.0,15260.0,303.0,23181375.0,2233
2023-05-11 14:23:58,pb2308,pb2308,15290.0,0.0,0.0,0.0,4,15285.0,15290.0,2,15285.0,15260.0,15320.0,15260.0,303.0,23181375.0,2233
2023-05-11 14:23:58,pb2308,pb2308,15290.0,0.0,0.0,0.0,3,15285.0,15290.0,2,15285.0,15260.0,15320.0,15260.0,303.0,23181375.0,2233
2023-05-11 14:26:57,pb2308,pb2308,15290.0,0.0,0.0,0.0,3,15285.0,15290.0,2,15285.0,15260.0,15320.0,15260.0,303.0,23181375.0,2233
2023-05-11 14:30:03,pb2308,pb2308,15290.0,0.0,0.0,0.0,9,15280.0,15290.0,2,15285.0,15260.0,15320.0,15260.0,303.0,23181375.0,2233
2023-05-11 14:30:03,pb2308,pb2308,15290.0,0.0,0.0,0.0,14,15280.0,15290.0,3,15285.0,15260.0,15320.0,15260.0,303.0,23181375.0,2233
2023-05-11 14:30:04,pb2308,pb2308,15290.0,0.0,0.0,0.0,14,15280.0,15290.0,3,15285.0,15260.0,15320.0,15260.0,303.0,23181375.0,2233
2023-05-11 14:30:06,pb2308,pb2308,15290.0,0.0,0.0,0.0,15,15280.0,15290.0,3,15285.0,15260.0,15320.0,15260.0,303.0,23181375.0,2233
2023-05-11 14:30:12,pb2308,pb2308,15290.0,0.0,0.0,0.0,4,15280.0,15290.0,3,15285.0,15260.0,15320.0,15260.0,303.0,23181375.0,2233
2023-05-11 14:30:12,pb2308,pb2308,15290.0,0.0,0.0,0.0,3,15280.0,15290.0,5,15285.0,15260.0,15320.0,15260.0,303.0,23181375.0,2233
2023-05-11 14:30:13,pb2308,pb2308,15290.0,0.0,0.0,0.0,3,15280.0,15290.0,5,15285.0,15260.0,15320.0,15260.0,303.0,23181375.0,2233
2023-05-11 14:30:13,pb2308,pb2308,15290.0,0.0,0.0,0.0,3,15280.0,15290.0,3,15285.0,15260.0,15320.0,15260.0,303.0,23181375.0,2233
2023-05-11 14:30:36,pb2308,pb2308,15290.0,0.0,0.0,0.0,3,15280.0,15290.0,3,15285.0,15260.0,15320.0,15260.0,303.0,23181375.0,2233
2023-05-11 14:30:36,pb2308,pb2308,15290.0,0.0,0.0,0.0,3,15280.0,15290.0,5,15285.0,15260.0,15320.0,15260.0,303.0,23181375.0,2233
2023-05-11 14:30:38,pb2308,pb2308,15290.0,0.0,0.0,0.0,3,15280.0,15290.0,6,15285.0,15260.0,15320.0,15260.0,303.0,23181375.0,2233
2023-05-11 14:30:38,pb2308,pb2308,15290.0,0.0,0.0,0.0,3,15280.0,15290.0,5,15285.0,15260.0,15320.0,15260.0,303.0,23181375.0,2233
2023-05-11 14:30:52,pb2308,pb2308,15290.0,0.0,0.0,0.0,4,15280.0,15290.0,3,15285.0,15260.0,15320.0,15260.0,303.0,23181375.0,2233
2023-05-11 14:30:52,pb2308,pb2308,15290.0,0.0,0.0,0.0,11,15280.0,15290.0,3,15285.0,15260.0,15320.0,15260.0,303.0,23181375.0,2233
2023-05-11 14:30:57,pb2308,pb2308,15290.0,0.0,0.0,0.0,3,15280.0,15290.0,5,15285.0,15260.0,15320.0,15260.0,303.0,23181375.0,2233
2023-05-11 14:30:57,pb2308,pb2308,15290.0,0.0,0.0,0.0,3,15280.0,15290.0,5,15285.0,15260.0,15320.0,15260.0,303.0,23181375.0,2233
2023-05-11 14:30:58,pb2308,pb2308,15290.0,0.0,0.0,0.0,3,15280.0,15290.0,5,15285.0,15260.0,15320.0,15260.0,303.0,23181375.0,2233
2023-05-11 14:30:58,pb2308,pb2308,15290.0,0.0,0.0,0.0,3,15280.0,15290.0,4,15285.0,15260.0,15320.0,15260.0,303.0,23181375.0,2233
2023-05-11 14:31:00,pb2308,pb2308,15290.0,0.0,0.0,0.0,3,15280.0,15290.0,5,15285.0,15260.0,15320.0,15260.0,303.0,23181375.0,2233
2023-05-11 14:31:01,pb2308,pb2308,15290.0,0.0,0.0,0.0,3,15280.0,15290.0,4,15285.0,15260.0,15320.0,15260.0,303.0,23181375.0,2233
2023-05-11 14:31:04,pb2308,pb2308,15290.0,0.0,0.0,0.0,3,15280.0,15290.0,5,15285.0,15260.0,15320.0,15260.0,303.0,23181375.0,2233
2023-05-11 14:31:12,pb2308,pb2308,15290.0,0.0,0.0,0.0,3,15280.0,15290.0,4,15285.0,15260.0,15320.0,15260.0,303.0,23181375.0,2233
2023-05-11 14:31:35,pb2308,pb2308,15290.0,0.0,0.0,0.0,1,15280.0,15285.0,5,15285.0,15260.0,15320.0,15260.0,303.0,23181375.0,2233
2023-05-11 14:31:35,pb2308,pb2308,15280.0,1.0,76400.0,-1.0,4,15270.0,15280.0,2,15285.0,15260.0,15320.0,15260.0,304.0,23257775.0,2232
2023-05-11 14:31:36,pb2308,pb2308,15280.0,0.0,0.0,0.0,15,15270.0,15285.0,7,15285.0,15260.0,15320.0,15260.0,304.0,23257775.0,2232
2023-05-11 14:31:36,pb2308,pb2308,15280.0,0.0,0.0,0.0,16,15270.0,15280.0,1,15285.0,15260.0,15320.0,15260.0,304.0,23257775.0,2232
2023-05-11 14:31:37,pb2308,pb2308,15280.0,0.0,0.0,0.0,1,15270.0,15280.0,3,15285.0,15260.0,15320.0,15260.0,304.0,23257775.0,2232
2023-05-11 14:31:37,pb2308,pb2308,15280.0,0.0,0.0,0.0,1,15270.0,15280.0,3,15285.0,15260.0,15320.0,15260.0,304.0,23257775.0,2232
2023-05-11 14:31:38,pb2308,pb2308,15280.0,0.0,0.0,0.0,1,15270.0,15280.0,2,15285.0,15260.0,15320.0,15260.0,304.0,23257775.0,2232
2023-05-11 14:31:38,pb2308,pb2308,15280.0,0.0,0.0,0.0,11,15270.0,15280.0,2,15285.0,15260.0,15320.0,15260.0,304.0,23257775.0,2232
2023-05-11 14:31:39,pb2308,pb2308,15280.0,0.0,0.0,0.0,10,15270.0,15280.0,2,15285.0,15260.0,15320.0,15260.0,304.0,23257775.0,2232
2023-05-11 14:31:39,pb2308,pb2308,15280.0,0.0,0.0,0.0,2,15270.0,15280.0,2,15285.0,15260.0,15320.0,15260.0,304.0,23257775.0,2232
2023-05-11 14:31:40,pb2308,pb2308,15280.0,0.0,0.0,0.0,1,15270.0,15280.0,3,15285.0,15260.0,15320.0,15260.0,304.0,23257775.0,2232
2023-05-11 14:31:45,pb2308,pb2308,15280.0,0.0,0.0,0.0,15,15270.0,15280.0,2,15285.0,15260.0,15320.0,15260.0,304.0,23257775.0,2232
2023-05-11 14:31:45,pb2308,pb2308,15280.0,0.0,0.0,0.0,15,15270.0,15280.0,6,15285.0,15260.0,15320.0,15260.0,304.0,23257775.0,2232
2023-05-11 14:31:46,pb2308,pb2308,15280.0,0.0,0.0,0.0,13,15270.0,15280.0,6,15285.0,15260.0,15320.0,15260.0,304.0,23257775.0,2232
2023-05-11 14:31:46,pb2308,pb2308,15280.0,0.0,0.0,0.0,11,15270.0,15280.0,6,15285.0,15260.0,15320.0,15260.0,304.0,23257775.0,2232
2023-05-11 14:31:47,pb2308,pb2308,15280.0,0.0,0.0,0.0,12,15270.0,15280.0,6,15285.0,15260.0,15320.0,15260.0,304.0,23257775.0,2232
2023-05-11 14:31:51,pb2308,pb2308,15280.0,0.0,0.0,0.0,12,15270.0,15280.0,1,15285.0,15260.0,15320.0,15260.0,304.0,23257775.0,2232
2023-05-11 14:32:06,pb2308,pb2308,15280.0,0.0,0.0,0.0,11,15270.0,15280.0,1,15285.0,15260.0,15320.0,15260.0,304.0,23257775.0,2232
2023-05-11 14:32:25,pb2308,pb2308,15280.0,0.0,0.0,0.0,1,15270.0,15280.0,1,15285.0,15260.0,15320.0,15260.0,304.0,23257775.0,2232
2023-05-11 14:32:25,pb2308,pb2308,15280.0,0.0,0.0,0.0,1,15270.0,15280.0,4,15285.0,15260.0,15320.0,15260.0,304.0,23257775.0,2232
2023-05-11 14:32:26,pb2308,pb2308,15280.0,0.0,0.0,0.0,1,15270.0,15280.0,4,15285.0,15260.0,15320.0,15260.0,304.0,23257775.0,2232
2023-05-11 14:32:44,pb2308,pb2308,15270.0,1.0,76350.0,-1.0,7,15260.0,15275.0,5,15285.0,15260.0,15320.0,15260.0,305.0,23334125.0,2231
2023-05-11 14:32:45,pb2308,pb2308,15270.0,0.0,0.0,0.0,16,15260.0,15275.0,4,15285.0,15260.0,15320.0,15260.0,305.0,23334125.0,2231
2023-05-11 14:32:45,pb2308,pb2308,15270.0,0.0,0.0,0.0,4,15260.0,15270.0,2,15285.0,15260.0,15320.0,15260.0,305.0,23334125.0,2231
2023-05-11 14:32:46,pb2308,pb2308,15270.0,0.0,0.0,0.0,12,15260.0,15275.0,2,15285.0,15260.0,15320.0,15260.0,305.0,23334125.0,2231
2023-05-11 14:32:46,pb2308,pb2308,15270.0,0.0,0.0,0.0,12,15260.0,15275.0,3,15285.0,15260.0,15320.0,15260.0,305.0,23334125.0,2231
2023-05-11 14:32:47,pb2308,pb2308,15270.0,0.0,0.0,0.0,14,15260.0,15275.0,3,15285.0,15260.0,15320.0,15260.0,305.0,23334125.0,2231
2023-05-11 14:32:48,pb2308,pb2308,15270.0,0.0,0.0,0.0,14,15260.0,15275.0,3,15285.0,15260.0,15320.0,15260.0,305.0,23334125.0,2231
2023-05-11 14:32:49,pb2308,pb2308,15270.0,0.0,0.0,0.0,14,15260.0,15275.0,3,15285.0,15260.0,15320.0,15260.0,305.0,23334125.0,2231
2023-05-11 14:32:50,pb2308,pb2308,15270.0,0.0,0.0,0.0,15,15260.0,15275.0,3,15285.0,15260.0,15320.0,15260.0,305.0,23334125.0,2231
2023-05-11 14:32:51,pb2308,pb2308,15270.0,0.0,0.0,0.0,14,15260.0,15275.0,3,15285.0,15260.0,15320.0,15260.0,305.0,23334125.0,2231
2023-05-11 14:32:52,pb2308,pb2308,15270.0,0.0,0.0,0.0,15,15260.0,15275.0,3,15285.0,15260.0,15320.0,15260.0,305.0,23334125.0,2231
2023-05-11 14:32:52,pb2308,pb2308,15270.0,0.0,0.0,0.0,14,15260.0,15275.0,3,15285.0,15260.0,15320.0,15260.0,305.0,23334125.0,2231
2023-05-11 14:32:53,pb2308,pb2308,15270.0,0.0,0.0,0.0,15,15260.0,15275.0,3,15285.0,15260.0,15320.0,15260.0,305.0,23334125.0,2231
2023-05-11 14:32:54,pb2308,pb2308,15270.0,0.0,0.0,0.0,14,15260.0,15275.0,3,15285.0,15260.0,15320.0,15260.0,305.0,23334125.0,2231
2023-05-11 14:32:55,pb2308,pb2308,15270.0,0.0,0.0,0.0,15,15260.0,15275.0,3,15285.0,15260.0,15320.0,15260.0,305.0,23334125.0,2231
2023-05-11 14:32:55,pb2308,pb2308,15270.0,0.0,0.0,0.0,14,15260.0,15275.0,3,15285.0,15260.0,15320.0,15260.0,305.0,23334125.0,2231
2023-05-11 14:32:56,pb2308,pb2308,15270.0,0.0,0.0,0.0,15,15260.0,15275.0,3,15285.0,15260.0,15320.0,15260.0,305.0,23334125.0,2231
2023-05-11 14:32:59,pb2308,pb2308,15270.0,0.0,0.0,0.0,2,15265.0,15275.0,3,15285.0,15260.0,15320.0,15260.0,305.0,23334125.0,2231
2023-05-11 14:33:00,pb2308,pb2308,15270.0,0.0,0.0,0.0,3,15265.0,15275.0,2,15285.0,15260.0,15320.0,15260.0,305.0,23334125.0,2231
2023-05-11 14:33:01,pb2308,pb2308,15270.0,0.0,0.0,0.0,3,15265.0,15270.0,2,15285.0,15260.0,15320.0,15260.0,305.0,23334125.0,2231
2023-05-11 14:33:02,pb2308,pb2308,15270.0,0.0,0.0,0.0,3,15265.0,15270.0,3,15285.0,15260.0,15320.0,15260.0,305.0,23334125.0,2231
2023-05-11 14:33:03,pb2308,pb2308,15270.0,0.0,0.0,0.0,3,15265.0,15270.0,1,15285.0,15260.0,15320.0,15260.0,305.0,23334125.0,2231
2023-05-11 14:33:03,pb2308,pb2308,15270.0,0.0,0.0,0.0,3,15265.0,15275.0,1,15285.0,15260.0,15320.0,15260.0,305.0,23334125.0,2231
2023-05-11 14:33:04,pb2308,pb2308,15270.0,0.0,0.0,0.0,1,15265.0,15275.0,4,15285.0,15260.0,15320.0,15260.0,305.0,23334125.0,2231
2023-05-11 14:33:08,pb2308,pb2308,15270.0,0.0,0.0,0.0,1,15265.0,15275.0,4,15285.0,15260.0,15320.0,15260.0,305.0,23334125.0,2231
2023-05-11 14:33:22,pb2308,pb2308,15270.0,0.0,0.0,0.0,1,15265.0,15275.0,4,15285.0,15260.0,15320.0,15260.0,305.0,23334125.0,2231
2023-05-11 14:33:28,pb2308,pb2308,15270.0,0.0,0.0,0.0,1,15265.0,15275.0,4,15285.0,15260.0,15320.0,15260.0,305.0,23334125.0,2231
2023-05-11 14:33:38,pb2308,pb2308,15270.0,0.0,0.0,0.0,2,15270.0,15275.0,4,15285.0,15260.0,15320.0,15260.0,305.0,23334125.0,2231
2023-05-11 14:33:39,pb2308,pb2308,15270.0,0.0,0.0,0.0,2,15270.0,15275.0,3,15285.0,15260.0,15320.0,15260.0,305.0,23334125.0,2231
2023-05-11 14:33:42,pb2308,pb2308,15270.0,0.0,0.0,0.0,2,15270.0,15275.0,3,15285.0,15260.0,15320.0,15260.0,305.0,23334125.0,2231
2023-05-11 14:33:43,pb2308,pb2308,15270.0,0.0,0.0,0.0,3,15270.0,15275.0,3,15285.0,15260.0,15320.0,15260.0,305.0,23334125.0,2231
2023-05-11 14:33:44,pb2308,pb2308,15270.0,0.0,0.0,0.0,3,15270.0,15275.0,1,15285.0,15260.0,15320.0,15260.0,305.0,23334125.0,2231
2023-05-11 14:33:45,pb2308,pb2308,15270.0,0.0,0.0,0.0,3,15270.0,15275.0,1,15285.0,15260.0,15320.0,15260.0,305.0,23334125.0,2231
2023-05-11 14:34:57,pb2308,pb2308,15270.0,0.0,0.0,0.0,1,15270.0,15275.0,1,15285.0,15260.0,15320.0,15260.0,305.0,23334125.0,2231
2023-05-11 14:35:00,pb2308,pb2308,15270.0,0.0,0.0,0.0,2,15265.0,15275.0,1,15285.0,15260.0,15320.0,15260.0,305.0,23334125.0,2231
2023-05-11 14:35:01,pb2308,pb2308,15270.0,0.0,0.0,0.0,1,15265.0,15275.0,2,15285.0,15260.0,15320.0,15260.0,305.0,23334125.0,2231
2023-05-11 14:35:01,pb2308,pb2308,15270.0,0.0,0.0,0.0,1,15265.0,15275.0,3,15285.0,15260.0,15320.0,15260.0,305.0,23334125.0,2231
2023-05-11 14:35:02,pb2308,pb2308,15270.0,0.0,0.0,0.0,1,15265.0,15275.0,2,15285.0,15260.0,15320.0,15260.0,305.0,23334125.0,2231
2023-05-11 14:35:03,pb2308,pb2308,15270.0,0.0,0.0,0.0,14,15265.0,15275.0,2,15285.0,15260.0,15320.0,15260.0,305.0,23334125.0,2231
2023-05-11 14:35:03,pb2308,pb2308,15270.0,0.0,0.0,0.0,14,15265.0,15275.0,1,15285.0,15260.0,15320.0,15260.0,305.0,23334125.0,2231
2023-05-11 14:35:10,pb2308,pb2308,15270.0,0.0,0.0,0.0,1,15270.0,15275.0,1,15285.0,15260.0,15320.0,15260.0,305.0,23334125.0,2231
2023-05-11 14:35:11,pb2308,pb2308,15270.0,0.0,0.0,0.0,1,15270.0,15275.0,1,15285.0,15260.0,15320.0,15260.0,305.0,23334125.0,2231
2023-05-11 14:35:35,pb2308,pb2308,15270.0,0.0,0.0,0.0,2,15270.0,15275.0,1,15285.0,15260.0,15320.0,15260.0,305.0,23334125.0,2231
2023-05-11 14:35:36,pb2308,pb2308,15270.0,0.0,0.0,0.0,2,15270.0,15280.0,2,15285.0,15260.0,15320.0,15260.0,305.0,23334125.0,2231
2023-05-11 14:35:37,pb2308,pb2308,15270.0,0.0,0.0,0.0,2,15270.0,15280.0,4,15285.0,15260.0,15320.0,15260.0,305.0,23334125.0,2231
2023-05-11 14:35:37,pb2308,pb2308,15270.0,0.0,0.0,0.0,2,15275.0,15280.0,4,15285.0,15260.0,15320.0,15260.0,305.0,23334125.0,2231
2023-05-11 14:35:47,pb2308,pb2308,15270.0,0.0,0.0,0.0,2,15270.0,15280.0,4,15285.0,15260.0,15320.0,15260.0,305.0,23334125.0,2231
2023-05-11 14:37:17,pb2308,pb2308,15270.0,0.0,0.0,0.0,2,15270.0,15280.0,4,15285.0,15260.0,15320.0,15260.0,305.0,23334125.0,2231
2023-05-11 14:38:00,pb2308,pb2308,15280.0,1.0,76400.0,0.0,2,15270.0,15280.0,4,15285.0,15260.0,15320.0,15260.0,306.0,23410525.0,2231
2023-05-11 14:39:24,pb2308,pb2308,15280.0,0.0,0.0,0.0,1,15270.0,15280.0,3,15285.0,15260.0,15320.0,15260.0,306.0,23410525.0,2231
2023-05-11 14:39:24,pb2308,pb2308,15280.0,0.0,0.0,0.0,1,15270.0,15275.0,1,15285.0,15260.0,15320.0,15260.0,306.0,23410525.0,2231
2023-05-11 14:39:25,pb2308,pb2308,15270.0,1.0,76350.0,0.0,1,15265.0,15275.0,3,15285.0,15260.0,15320.0,15260.0,307.0,23486875.0,2231
2023-05-11 14:39:55,pb2308,pb2308,15270.0,0.0,0.0,0.0,1,15265.0,15275.0,3,15285.0,15260.0,15320.0,15260.0,307.0,23486875.0,2231
2023-05-11 14:40:55,pb2308,pb2308,15265.0,1.0,76325.0,0.0,5,15260.0,15275.0,3,15285.0,15260.0,15320.0,15260.0,308.0,23563200.0,2231
2023-05-11 14:40:55,pb2308,pb2308,15265.0,0.0,0.0,0.0,18,15260.0,15275.0,3,15285.0,15260.0,15320.0,15260.0,308.0,23563200.0,2231
2023-05-11 14:40:56,pb2308,pb2308,15265.0,0.0,0.0,0.0,18,15260.0,15275.0,3,15285.0,15260.0,15320.0,15260.0,308.0,23563200.0,2231
2023-05-11 14:41:01,pb2308,pb2308,15265.0,0.0,0.0,0.0,18,15260.0,15275.0,3,15285.0,15260.0,15320.0,15260.0,308.0,23563200.0,2231
2023-05-11 14:41:13,pb2308,pb2308,15265.0,0.0,0.0,0.0,17,15260.0,15275.0,3,15285.0,15260.0,15320.0,15260.0,308.0,23563200.0,2231
2023-05-11 14:41:47,pb2308,pb2308,15260.0,4.0,305200.0,-1.0,14,15260.0,15275.0,3,15285.0,15260.0,15320.0,15260.0,312.0,23868400.0,2230
2023-05-11 14:42:07,pb2308,pb2308,15260.0,0.0,0.0,0.0,5,15265.0,15275.0,2,15285.0,15260.0,15320.0,15260.0,312.0,23868400.0,2230
2023-05-11 14:42:07,pb2308,pb2308,15260.0,0.0,0.0,0.0,12,15265.0,15275.0,1,15285.0,15260.0,15320.0,15260.0,312.0,23868400.0,2230
2023-05-11 14:42:08,pb2308,pb2308,15260.0,0.0,0.0,0.0,13,15265.0,15275.0,1,15285.0,15260.0,15320.0,15260.0,312.0,23868400.0,2230
2023-05-11 14:42:09,pb2308,pb2308,15260.0,0.0,0.0,0.0,13,15265.0,15275.0,1,15285.0,15260.0,15320.0,15260.0,312.0,23868400.0,2230
2023-05-11 14:42:30,pb2308,pb2308,15260.0,0.0,0.0,0.0,13,15265.0,15275.0,6,15285.0,15260.0,15320.0,15260.0,312.0,23868400.0,2230
2023-05-11 14:42:31,pb2308,pb2308,15260.0,0.0,0.0,0.0,13,15265.0,15275.0,1,15285.0,15260.0,15320.0,15260.0,312.0,23868400.0,2230
2023-05-11 14:42:49,pb2308,pb2308,15260.0,0.0,0.0,0.0,5,15270.0,15275.0,1,15285.0,15260.0,15320.0,15260.0,312.0,23868400.0,2230
2023-05-11 14:42:50,pb2308,pb2308,15260.0,0.0,0.0,0.0,7,15270.0,15275.0,1,15285.0,15260.0,15320.0,15260.0,312.0,23868400.0,2230
2023-05-11 14:42:53,pb2308,pb2308,15260.0,0.0,0.0,0.0,2,15270.0,15275.0,1,15285.0,15260.0,15320.0,15260.0,312.0,23868400.0,2230
2023-05-11 14:42:59,pb2308,pb2308,15260.0,0.0,0.0,0.0,2,15270.0,15275.0,1,15285.0,15260.0,15320.0,15260.0,312.0,23868400.0,2230
2023-05-11 14:43:28,pb2308,pb2308,15260.0,0.0,0.0,0.0,3,15270.0,15275.0,1,15285.0,15260.0,15320.0,15260.0,312.0,23868400.0,2230
2023-05-11 14:44:22,pb2308,pb2308,15270.0,1.0,76350.0,1.0,2,15270.0,15275.0,1,15285.0,15260.0,15320.0,15260.0,313.0,23944750.0,2231
2023-05-11 14:44:22,pb2308,pb2308,15270.0,0.0,0.0,0.0,1,15270.0,15275.0,1,15285.0,15260.0,15320.0,15260.0,313.0,23944750.0,2231
2023-05-11 14:44:32,pb2308,pb2308,15270.0,0.0,0.0,0.0,2,15270.0,15275.0,1,15285.0,15260.0,15320.0,15260.0,313.0,23944750.0,2231
2023-05-11 14:45:43,pb2308,pb2308,15270.0,0.0,0.0,0.0,2,15270.0,15280.0,1,15285.0,15260.0,15320.0,15260.0,313.0,23944750.0,2231
2023-05-11 14:45:43,pb2308,pb2308,15270.0,0.0,0.0,0.0,2,15270.0,15280.0,3,15285.0,15260.0,15320.0,15260.0,313.0,23944750.0,2231
2023-05-11 14:45:44,pb2308,pb2308,15270.0,0.0,0.0,0.0,2,15270.0,15280.0,3,15285.0,15260.0,15320.0,15260.0,313.0,23944750.0,2231
2023-05-11 14:46:53,pb2308,pb2308,15270.0,0.0,0.0,0.0,7,15270.0,15280.0,1,15285.0,15260.0,15320.0,15260.0,313.0,23944750.0,2231
2023-05-11 14:46:54,pb2308,pb2308,15270.0,0.0,0.0,0.0,15,15270.0,15285.0,1,15285.0,15260.0,15320.0,15260.0,313.0,23944750.0,2231
2023-05-11 14:46:54,pb2308,pb2308,15270.0,0.0,0.0,0.0,15,15270.0,15285.0,2,15285.0,15260.0,15320.0,15260.0,313.0,23944750.0,2231
2023-05-11 14:47:13,pb2308,pb2308,15270.0,0.0,0.0,0.0,14,15270.0,15285.0,2,15285.0,15260.0,15320.0,15260.0,313.0,23944750.0,2231
2023-05-11 14:47:37,pb2308,pb2308,15270.0,0.0,0.0,0.0,2,15275.0,15285.0,2,15285.0,15260.0,15320.0,15260.0,313.0,23944750.0,2231
2023-05-11 14:47:37,pb2308,pb2308,15270.0,0.0,0.0,0.0,4,15275.0,15285.0,2,15285.0,15260.0,15320.0,15260.0,313.0,23944750.0,2231
2023-05-11 14:47:41,pb2308,pb2308,15270.0,0.0,0.0,0.0,2,15275.0,15285.0,2,15285.0,15260.0,15320.0,15260.0,313.0,23944750.0,2231
2023-05-11 14:47:56,pb2308,pb2308,15270.0,0.0,0.0,0.0,2,15275.0,15285.0,2,15285.0,15260.0,15320.0,15260.0,313.0,23944750.0,2231
2023-05-11 14:47:56,pb2308,pb2308,15270.0,0.0,0.0,0.0,1,15275.0,15280.0,2,15285.0,15260.0,15320.0,15260.0,313.0,23944750.0,2231
2023-05-11 14:47:57,pb2308,pb2308,15270.0,0.0,0.0,0.0,1,15270.0,15280.0,3,15285.0,15260.0,15320.0,15260.0,313.0,23944750.0,2231
2023-05-11 14:48:27,pb2308,pb2308,15270.0,1.0,76350.0,-1.0,4,15265.0,15280.0,3,15285.0,15260.0,15320.0,15260.0,314.0,24021100.0,2230
2023-05-11 14:48:28,pb2308,pb2308,15270.0,0.0,0.0,0.0,17,15265.0,15280.0,3,15285.0,15260.0,15320.0,15260.0,314.0,24021100.0,2230
2023-05-11 14:48:36,pb2308,pb2308,15270.0,0.0,0.0,0.0,5,15270.0,15280.0,3,15285.0,15260.0,15320.0,15260.0,314.0,24021100.0,2230
2023-05-11 14:48:37,pb2308,pb2308,15270.0,0.0,0.0,0.0,6,15270.0,15280.0,3,15285.0,15260.0,15320.0,15260.0,314.0,24021100.0,2230
2023-05-11 14:48:40,pb2308,pb2308,15270.0,0.0,0.0,0.0,1,15270.0,15280.0,3,15285.0,15260.0,15320.0,15260.0,314.0,24021100.0,2230
2023-05-11 14:49:09,pb2308,pb2308,15270.0,0.0,0.0,0.0,1,15270.0,15280.0,3,15285.0,15260.0,15320.0,15260.0,314.0,24021100.0,2230
2023-05-11 14:49:40,pb2308,pb2308,15270.0,0.0,0.0,0.0,1,15270.0,15280.0,3,15285.0,15260.0,15320.0,15260.0,314.0,24021100.0,2230
2023-05-11 14:50:08,pb2308,pb2308,15270.0,0.0,0.0,0.0,3,15270.0,15280.0,3,15285.0,15260.0,15320.0,15260.0,314.0,24021100.0,2230
2023-05-11 14:50:09,pb2308,pb2308,15270.0,0.0,0.0,0.0,15,15270.0,15285.0,1,15285.0,15260.0,15320.0,15260.0,314.0,24021100.0,2230
2023-05-11 14:50:09,pb2308,pb2308,15270.0,0.0,0.0,0.0,1,15275.0,15285.0,3,15285.0,15260.0,15320.0,15260.0,314.0,24021100.0,2230
2023-05-11 14:50:10,pb2308,pb2308,15270.0,0.0,0.0,0.0,3,15275.0,15285.0,1,15285.0,15260.0,15320.0,15260.0,314.0,24021100.0,2230
2023-05-11 14:50:10,pb2308,pb2308,15270.0,0.0,0.0,0.0,13,15275.0,15285.0,1,15285.0,15260.0,15320.0,15260.0,314.0,24021100.0,2230
2023-05-11 14:50:11,pb2308,pb2308,15270.0,0.0,0.0,0.0,12,15275.0,15285.0,1,15285.0,15260.0,15320.0,15260.0,314.0,24021100.0,2230
2023-05-11 14:50:12,pb2308,pb2308,15285.0,1.0,76425.0,0.0,1,15280.0,15290.0,3,15285.0,15260.0,15320.0,15260.0,315.0,24097525.0,2230
2023-05-11 14:50:12,pb2308,pb2308,15285.0,0.0,0.0,0.0,3,15280.0,15290.0,5,15285.0,15260.0,15320.0,15260.0,315.0,24097525.0,2230
2023-05-11 14:50:13,pb2308,pb2308,15285.0,0.0,0.0,0.0,3,15280.0,15290.0,5,15285.0,15260.0,15320.0,15260.0,315.0,24097525.0,2230
2023-05-11 14:50:14,pb2308,pb2308,15285.0,0.0,0.0,0.0,2,15280.0,15290.0,5,15285.0,15260.0,15320.0,15260.0,315.0,24097525.0,2230
2023-05-11 14:50:15,pb2308,pb2308,15285.0,0.0,0.0,0.0,2,15280.0,15290.0,5,15285.0,15260.0,15320.0,15260.0,315.0,24097525.0,2230
2023-05-11 14:50:16,pb2308,pb2308,15285.0,0.0,0.0,0.0,2,15280.0,15290.0,5,15285.0,15260.0,15320.0,15260.0,315.0,24097525.0,2230
2023-05-11 14:50:17,pb2308,pb2308,15285.0,0.0,0.0,0.0,2,15280.0,15290.0,5,15285.0,15260.0,15320.0,15260.0,315.0,24097525.0,2230
2023-05-11 14:50:20,pb2308,pb2308,15285.0,0.0,0.0,0.0,14,15280.0,15290.0,3,15285.0,15260.0,15320.0,15260.0,315.0,24097525.0,2230
2023-05-11 14:50:21,pb2308,pb2308,15285.0,0.0,0.0,0.0,10,15280.0,15290.0,3,15285.0,15260.0,15320.0,15260.0,315.0,24097525.0,2230
2023-05-11 14:50:21,pb2308,pb2308,15285.0,0.0,0.0,0.0,2,15280.0,15290.0,5,15285.0,15260.0,15320.0,15260.0,315.0,24097525.0,2230
2023-05-11 14:50:22,pb2308,pb2308,15285.0,0.0,0.0,0.0,14,15280.0,15290.0,3,15285.0,15260.0,15320.0,15260.0,315.0,24097525.0,2230
2023-05-11 14:50:22,pb2308,pb2308,15285.0,0.0,0.0,0.0,15,15280.0,15290.0,3,15285.0,15260.0,15320.0,15260.0,315.0,24097525.0,2230
2023-05-11 14:50:23,pb2308,pb2308,15285.0,0.0,0.0,0.0,15,15280.0,15290.0,3,15285.0,15260.0,15320.0,15260.0,315.0,24097525.0,2230
2023-05-11 14:50:23,pb2308,pb2308,15285.0,0.0,0.0,0.0,2,15280.0,15290.0,5,15285.0,15260.0,15320.0,15260.0,315.0,24097525.0,2230
2023-05-11 14:50:24,pb2308,pb2308,15285.0,0.0,0.0,0.0,2,15280.0,15290.0,5,15285.0,15260.0,15320.0,15260.0,315.0,24097525.0,2230
2023-05-11 14:50:25,pb2308,pb2308,15285.0,0.0,0.0,0.0,3,15280.0,15290.0,5,15285.0,15260.0,15320.0,15260.0,315.0,24097525.0,2230
2023-05-11 14:50:26,pb2308,pb2308,15285.0,0.0,0.0,0.0,15,15280.0,15290.0,3,15285.0,15260.0,15320.0,15260.0,315.0,24097525.0,2230
2023-05-11 14:50:27,pb2308,pb2308,15285.0,0.0,0.0,0.0,2,15280.0,15290.0,5,15285.0,15260.0,15320.0,15260.0,315.0,24097525.0,2230
2023-05-11 14:50:39,pb2308,pb2308,15285.0,0.0,0.0,0.0,2,15280.0,15290.0,5,15285.0,15260.0,15320.0,15260.0,315.0,24097525.0,2230
2023-05-11 14:50:41,pb2308,pb2308,15285.0,0.0,0.0,0.0,1,15280.0,15290.0,5,15285.0,15260.0,15320.0,15260.0,315.0,24097525.0,2230
2023-05-11 14:50:48,pb2308,pb2308,15285.0,0.0,0.0,0.0,1,15280.0,15290.0,3,15285.0,15260.0,15320.0,15260.0,315.0,24097525.0,2230
2023-05-11 14:50:49,pb2308,pb2308,15285.0,0.0,0.0,0.0,12,15280.0,15290.0,3,15285.0,15260.0,15320.0,15260.0,315.0,24097525.0,2230
2023-05-11 14:50:49,pb2308,pb2308,15285.0,0.0,0.0,0.0,3,15280.0,15290.0,3,15285.0,15260.0,15320.0,15260.0,315.0,24097525.0,2230
2023-05-11 14:50:50,pb2308,pb2308,15285.0,0.0,0.0,0.0,14,15280.0,15290.0,3,15285.0,15260.0,15320.0,15260.0,315.0,24097525.0,2230
2023-05-11 14:50:50,pb2308,pb2308,15285.0,0.0,0.0,0.0,2,15280.0,15290.0,3,15285.0,15260.0,15320.0,15260.0,315.0,24097525.0,2230
2023-05-11 14:50:51,pb2308,pb2308,15285.0,0.0,0.0,0.0,2,15280.0,15290.0,4,15285.0,15260.0,15320.0,15260.0,315.0,24097525.0,2230
2023-05-11 14:50:55,pb2308,pb2308,15285.0,0.0,0.0,0.0,15,15280.0,15290.0,3,15285.0,15260.0,15320.0,15260.0,315.0,24097525.0,2230
2023-05-11 14:51:03,pb2308,pb2308,15285.0,0.0,0.0,0.0,2,15285.0,15290.0,3,15285.0,15260.0,15320.0,15260.0,315.0,24097525.0,2230
2023-05-11 14:51:03,pb2308,pb2308,15285.0,0.0,0.0,0.0,3,15285.0,15290.0,1,15285.0,15260.0,15320.0,15260.0,315.0,24097525.0,2230
2023-05-11 14:51:04,pb2308,pb2308,15285.0,0.0,0.0,0.0,3,15285.0,15290.0,2,15285.0,15260.0,15320.0,15260.0,315.0,24097525.0,2230
2023-05-11 14:51:13,pb2308,pb2308,15285.0,0.0,0.0,0.0,3,15285.0,15290.0,2,15285.0,15260.0,15320.0,15260.0,315.0,24097525.0,2230
2023-05-11 14:51:24,pb2308,pb2308,15285.0,0.0,0.0,0.0,4,15285.0,15290.0,2,15285.0,15260.0,15320.0,15260.0,315.0,24097525.0,2230
2023-05-11 14:51:26,pb2308,pb2308,15285.0,0.0,0.0,0.0,5,15285.0,15290.0,2,15285.0,15260.0,15320.0,15260.0,315.0,24097525.0,2230
2023-05-11 14:51:31,pb2308,pb2308,15285.0,0.0,0.0,0.0,4,15285.0,15290.0,2,15285.0,15260.0,15320.0,15260.0,315.0,24097525.0,2230
2023-05-11 14:52:04,pb2308,pb2308,15285.0,0.0,0.0,0.0,6,15285.0,15290.0,2,15285.0,15260.0,15320.0,15260.0,315.0,24097525.0,2230
2023-05-11 14:52:09,pb2308,pb2308,15285.0,0.0,0.0,0.0,6,15285.0,15290.0,1,15285.0,15260.0,15320.0,15260.0,315.0,24097525.0,2230
2023-05-11 14:52:21,pb2308,pb2308,15285.0,0.0,0.0,0.0,4,15285.0,15290.0,1,15285.0,15260.0,15320.0,15260.0,315.0,24097525.0,2230
2023-05-11 14:52:37,pb2308,pb2308,15285.0,0.0,0.0,0.0,4,15285.0,15290.0,2,15285.0,15260.0,15320.0,15260.0,315.0,24097525.0,2230
2023-05-11 14:52:47,pb2308,pb2308,15285.0,0.0,0.0,0.0,4,15285.0,15290.0,2,15285.0,15260.0,15320.0,15260.0,315.0,24097525.0,2230
2023-05-11 14:52:56,pb2308,pb2308,15285.0,0.0,0.0,0.0,4,15285.0,15290.0,2,15285.0,15260.0,15320.0,15260.0,315.0,24097525.0,2230
2023-05-11 14:52:56,pb2308,pb2308,15285.0,0.0,0.0,0.0,4,15285.0,15290.0,2,15285.0,15260.0,15320.0,15260.0,315.0,24097525.0,2230
2023-05-11 14:52:57,pb2308,pb2308,15285.0,0.0,0.0,0.0,4,15285.0,15290.0,2,15285.0,15260.0,15320.0,15260.0,315.0,24097525.0,2230
2023-05-11 14:53:42,pb2308,pb2308,15290.0,2.0,152900.0,-2.0,4,15285.0,15295.0,3,15285.0,15260.0,15320.0,15260.0,317.0,24250425.0,2228
2023-05-11 14:53:42,pb2308,pb2308,15290.0,0.0,0.0,0.0,4,15285.0,15295.0,5,15285.0,15260.0,15320.0,15260.0,317.0,24250425.0,2228
2023-05-11 14:53:45,pb2308,pb2308,15285.0,1.0,76425.0,0.0,3,15285.0,15295.0,6,15285.0,15260.0,15320.0,15260.0,318.0,24326850.0,2228
2023-05-11 14:53:45,pb2308,pb2308,15285.0,0.0,0.0,0.0,3,15285.0,15295.0,5,15285.0,15260.0,15320.0,15260.0,318.0,24326850.0,2228
2023-05-11 14:53:46,pb2308,pb2308,15285.0,0.0,0.0,0.0,3,15285.0,15295.0,6,15285.0,15260.0,15320.0,15260.0,318.0,24326850.0,2228
2023-05-11 14:53:46,pb2308,pb2308,15285.0,0.0,0.0,0.0,3,15285.0,15295.0,5,15285.0,15260.0,15320.0,15260.0,318.0,24326850.0,2228
2023-05-11 14:53:49,pb2308,pb2308,15285.0,0.0,0.0,0.0,3,15285.0,15295.0,16,15285.0,15260.0,15320.0,15260.0,318.0,24326850.0,2228
2023-05-11 14:53:50,pb2308,pb2308,15285.0,0.0,0.0,0.0,3,15285.0,15295.0,16,15285.0,15260.0,15320.0,15260.0,318.0,24326850.0,2228
2023-05-11 14:53:51,pb2308,pb2308,15285.0,0.0,0.0,0.0,3,15285.0,15295.0,15,15285.0,15260.0,15320.0,15260.0,318.0,24326850.0,2228
2023-05-11 14:53:51,pb2308,pb2308,15285.0,0.0,0.0,0.0,3,15285.0,15295.0,16,15285.0,15260.0,15320.0,15260.0,318.0,24326850.0,2228
2023-05-11 14:53:52,pb2308,pb2308,15285.0,0.0,0.0,0.0,3,15285.0,15295.0,15,15285.0,15260.0,15320.0,15260.0,318.0,24326850.0,2228
2023-05-11 14:53:53,pb2308,pb2308,15285.0,2.0,152850.0,0.0,2,15285.0,15295.0,16,15285.0,15260.0,15320.0,15260.0,320.0,24479700.0,2228
2023-05-11 14:53:53,pb2308,pb2308,15285.0,0.0,0.0,0.0,2,15285.0,15290.0,1,15285.0,15260.0,15320.0,15260.0,320.0,24479700.0,2228
2023-05-11 14:53:54,pb2308,pb2308,15285.0,0.0,0.0,0.0,2,15285.0,15290.0,2,15285.0,15260.0,15320.0,15260.0,320.0,24479700.0,2228
2023-05-11 14:53:54,pb2308,pb2308,15285.0,0.0,0.0,0.0,2,15285.0,15290.0,2,15285.0,15260.0,15320.0,15260.0,320.0,24479700.0,2228
2023-05-11 14:54:39,pb2308,pb2308,15285.0,0.0,0.0,0.0,1,15285.0,15290.0,2,15285.0,15260.0,15320.0,15260.0,320.0,24479700.0,2228
2023-05-11 14:54:40,pb2308,pb2308,15285.0,1.0,76425.0,1.0,1,15280.0,15290.0,4,15285.0,15260.0,15320.0,15260.0,321.0,24556125.0,2229
2023-05-11 14:54:44,pb2308,pb2308,15285.0,0.0,0.0,0.0,1,15280.0,15285.0,1,15285.0,15260.0,15320.0,15260.0,321.0,24556125.0,2229
2023-05-11 14:54:44,pb2308,pb2308,15285.0,0.0,0.0,0.0,1,15280.0,15285.0,1,15285.0,15260.0,15320.0,15260.0,321.0,24556125.0,2229
2023-05-11 14:54:46,pb2308,pb2308,15285.0,1.0,76425.0,-1.0,9,15280.0,15285.0,1,15285.0,15260.0,15320.0,15260.0,322.0,24632550.0,2228
2023-05-11 14:54:47,pb2308,pb2308,15285.0,0.0,0.0,0.0,1,15280.0,15290.0,2,15285.0,15260.0,15320.0,15260.0,322.0,24632550.0,2228
2023-05-11 14:54:47,pb2308,pb2308,15285.0,0.0,0.0,0.0,12,15280.0,15290.0,2,15285.0,15260.0,15320.0,15260.0,322.0,24632550.0,2228
2023-05-11 14:54:48,pb2308,pb2308,15285.0,0.0,0.0,0.0,1,15285.0,15290.0,2,15285.0,15260.0,15320.0,15260.0,322.0,24632550.0,2228
2023-05-11 14:54:48,pb2308,pb2308,15285.0,0.0,0.0,0.0,1,15285.0,15290.0,2,15285.0,15260.0,15320.0,15260.0,322.0,24632550.0,2228
2023-05-11 14:54:52,pb2308,pb2308,15285.0,1.0,76425.0,0.0,1,15280.0,15290.0,4,15285.0,15260.0,15320.0,15260.0,323.0,24708975.0,2228
2023-05-11 14:54:53,pb2308,pb2308,15285.0,0.0,0.0,0.0,1,15280.0,15290.0,2,15285.0,15260.0,15320.0,15260.0,323.0,24708975.0,2228
2023-05-11 14:54:54,pb2308,pb2308,15285.0,0.0,0.0,0.0,1,15280.0,15290.0,4,15285.0,15260.0,15320.0,15260.0,323.0,24708975.0,2228
2023-05-11 14:54:54,pb2308,pb2308,15285.0,0.0,0.0,0.0,1,15280.0,15285.0,1,15285.0,15260.0,15320.0,15260.0,323.0,24708975.0,2228
2023-05-11 14:54:55,pb2308,pb2308,15285.0,0.0,0.0,0.0,1,15280.0,15285.0,1,15285.0,15260.0,15320.0,15260.0,323.0,24708975.0,2228
2023-05-11 14:54:55,pb2308,pb2308,15285.0,0.0,0.0,0.0,1,15280.0,15285.0,1,15285.0,15260.0,15320.0,15260.0,323.0,24708975.0,2228
2023-05-11 14:54:59,pb2308,pb2308,15285.0,1.0,76425.0,0.0,1,15280.0,15285.0,1,15285.0,15260.0,15320.0,15260.0,324.0,24785400.0,2228
2023-05-11 14:54:59,pb2308,pb2308,15285.0,1.0,76425.0,0.0,1,15280.0,15290.0,2,15285.0,15260.0,15320.0,15260.0,325.0,24861825.0,2228
2023-05-11 14:55:02,pb2308,pb2308,15285.0,0.0,0.0,0.0,13,15280.0,15290.0,2,15285.0,15260.0,15320.0,15260.0,325.0,24861825.0,2228
2023-05-11 14:55:02,pb2308,pb2308,15285.0,0.0,0.0,0.0,13,15280.0,15290.0,2,15285.0,15260.0,15320.0,15260.0,325.0,24861825.0,2228
2023-05-11 14:55:04,pb2308,pb2308,15285.0,0.0,0.0,0.0,14,15280.0,15290.0,2,15285.0,15260.0,15320.0,15260.0,325.0,24861825.0,2228
2023-05-11 14:55:05,pb2308,pb2308,15285.0,0.0,0.0,0.0,1,15285.0,15290.0,2,15285.0,15260.0,15320.0,15260.0,325.0,24861825.0,2228
2023-05-11 14:55:05,pb2308,pb2308,15285.0,0.0,0.0,0.0,1,15285.0,15290.0,1,15285.0,15260.0,15320.0,15260.0,325.0,24861825.0,2228
2023-05-11 14:55:07,pb2308,pb2308,15285.0,0.0,0.0,0.0,1,15285.0,15290.0,1,15285.0,15260.0,15320.0,15260.0,325.0,24861825.0,2228
2023-05-11 14:55:08,pb2308,pb2308,15285.0,0.0,0.0,0.0,1,15285.0,15290.0,1,15285.0,15260.0,15320.0,15260.0,325.0,24861825.0,2228
2023-05-11 14:55:09,pb2308,pb2308,15285.0,0.0,0.0,0.0,21,15285.0,15290.0,1,15285.0,15260.0,15320.0,15260.0,325.0,24861825.0,2228
2023-05-11 14:55:10,pb2308,pb2308,15285.0,0.0,0.0,0.0,21,15285.0,15290.0,1,15285.0,15260.0,15320.0,15260.0,325.0,24861825.0,2228
2023-05-11 14:55:11,pb2308,pb2308,15285.0,0.0,0.0,0.0,21,15285.0,15295.0,13,15285.0,15260.0,15320.0,15260.0,325.0,24861825.0,2228
2023-05-11 14:55:12,pb2308,pb2308,15285.0,0.0,0.0,0.0,21,15285.0,15295.0,14,15285.0,15260.0,15320.0,15260.0,325.0,24861825.0,2228
2023-05-11 14:55:13,pb2308,pb2308,15285.0,0.0,0.0,0.0,21,15285.0,15295.0,14,15285.0,15260.0,15320.0,15260.0,325.0,24861825.0,2228
2023-05-11 14:55:26,pb2308,pb2308,15285.0,0.0,0.0,0.0,21,15285.0,15295.0,15,15285.0,15260.0,15320.0,15260.0,325.0,24861825.0,2228
2023-05-11 14:55:32,pb2308,pb2308,15285.0,0.0,0.0,0.0,21,15285.0,15295.0,14,15285.0,15260.0,15320.0,15260.0,325.0,24861825.0,2228
2023-05-11 14:55:54,pb2308,pb2308,15285.0,0.0,0.0,0.0,21,15285.0,15295.0,4,15285.0,15260.0,15320.0,15260.0,325.0,24861825.0,2228
2023-05-11 14:56:14,pb2308,pb2308,15285.0,1.0,76425.0,-1.0,20,15285.0,15295.0,4,15285.0,15260.0,15320.0,15260.0,326.0,24938250.0,2227
2023-05-11 14:56:14,pb2308,pb2308,15285.0,0.0,0.0,0.0,22,15285.0,15295.0,4,15285.0,15260.0,15320.0,15260.0,326.0,24938250.0,2227
2023-05-11 14:56:50,pb2308,pb2308,15285.0,0.0,0.0,0.0,23,15285.0,15295.0,3,15285.0,15260.0,15320.0,15260.0,326.0,24938250.0,2227
2023-05-11 14:56:51,pb2308,pb2308,15285.0,0.0,0.0,0.0,24,15285.0,15295.0,3,15285.0,15260.0,15320.0,15260.0,326.0,24938250.0,2227
2023-05-11 14:56:55,pb2308,pb2308,15285.0,0.0,0.0,0.0,23,15285.0,15295.0,3,15285.0,15260.0,15320.0,15260.0,326.0,24938250.0,2227
2023-05-11 14:56:57,pb2308,pb2308,15285.0,0.0,0.0,0.0,23,15285.0,15295.0,5,15285.0,15260.0,15320.0,15260.0,326.0,24938250.0,2227
2023-05-11 14:57:01,pb2308,pb2308,15285.0,0.0,0.0,0.0,23,15285.0,15295.0,5,15285.0,15260.0,15320.0,15260.0,326.0,24938250.0,2227
2023-05-11 14:57:20,pb2308,pb2308,15295.0,1.0,76475.0,0.0,28,15285.0,15295.0,2,15285.0,15260.0,15320.0,15260.0,327.0,25014725.0,2227
2023-05-11 14:57:21,pb2308,pb2308,15295.0,0.0,0.0,0.0,35,15285.0,15295.0,2,15285.0,15260.0,15320.0,15260.0,327.0,25014725.0,2227
2023-05-11 14:57:27,pb2308,pb2308,15295.0,0.0,0.0,0.0,35,15285.0,15295.0,4,15285.0,15260.0,15320.0,15260.0,327.0,25014725.0,2227
2023-05-11 14:57:39,pb2308,pb2308,15295.0,0.0,0.0,0.0,5,15290.0,15295.0,4,15285.0,15260.0,15320.0,15260.0,327.0,25014725.0,2227
2023-05-11 14:57:39,pb2308,pb2308,15295.0,2.0,152950.0,-1.0,7,15290.0,15295.0,2,15285.0,15260.0,15320.0,15260.0,329.0,25167675.0,2226
2023-05-11 14:57:40,pb2308,pb2308,15295.0,0.0,0.0,0.0,7,15290.0,15300.0,3,15285.0,15260.0,15320.0,15260.0,329.0,25167675.0,2226
2023-05-11 14:57:40,pb2308,pb2308,15295.0,0.0,0.0,0.0,7,15290.0,15300.0,5,15285.0,15260.0,15320.0,15260.0,329.0,25167675.0,2226
2023-05-11 14:57:42,pb2308,pb2308,15295.0,0.0,0.0,0.0,2,15290.0,15300.0,5,15285.0,15260.0,15320.0,15260.0,329.0,25167675.0,2226
2023-05-11 14:57:44,pb2308,pb2308,15295.0,0.0,0.0,0.0,5,15295.0,15300.0,5,15285.0,15260.0,15320.0,15260.0,329.0,25167675.0,2226
2023-05-11 14:57:44,pb2308,pb2308,15295.0,0.0,0.0,0.0,5,15295.0,15300.0,5,15285.0,15260.0,15320.0,15260.0,329.0,25167675.0,2226
2023-05-11 14:57:46,pb2308,pb2308,15295.0,0.0,0.0,0.0,3,15290.0,15300.0,5,15285.0,15260.0,15320.0,15260.0,329.0,25167675.0,2226
2023-05-11 14:57:46,pb2308,pb2308,15295.0,0.0,0.0,0.0,2,15290.0,15300.0,5,15285.0,15260.0,15320.0,15260.0,329.0,25167675.0,2226
2023-05-11 14:57:49,pb2308,pb2308,15295.0,0.0,0.0,0.0,5,15295.0,15300.0,5,15285.0,15260.0,15320.0,15260.0,329.0,25167675.0,2226
2023-05-11 14:57:49,pb2308,pb2308,15295.0,0.0,0.0,0.0,5,15295.0,15300.0,5,15285.0,15260.0,15320.0,15260.0,329.0,25167675.0,2226
2023-05-11 14:57:51,pb2308,pb2308,15295.0,0.0,0.0,0.0,3,15290.0,15295.0,1,15285.0,15260.0,15320.0,15260.0,329.0,25167675.0,2226
2023-05-11 14:57:51,pb2308,pb2308,15295.0,0.0,0.0,0.0,2,15290.0,15295.0,1,15285.0,15260.0,15320.0,15260.0,329.0,25167675.0,2226
2023-05-11 14:57:59,pb2308,pb2308,15295.0,0.0,0.0,0.0,2,15290.0,15295.0,3,15285.0,15260.0,15320.0,15260.0,329.0,25167675.0,2226
2023-05-11 14:57:59,pb2308,pb2308,15295.0,0.0,0.0,0.0,2,15290.0,15295.0,3,15285.0,15260.0,15320.0,15260.0,329.0,25167675.0,2226
2023-05-11 14:58:06,pb2308,pb2308,15295.0,0.0,0.0,0.0,2,15290.0,15295.0,1,15285.0,15260.0,15320.0,15260.0,329.0,25167675.0,2226
2023-05-11 14:58:33,pb2308,pb2308,15295.0,0.0,0.0,0.0,2,15290.0,15295.0,3,15285.0,15260.0,15320.0,15260.0,329.0,25167675.0,2226
2023-05-11 14:58:33,pb2308,pb2308,15295.0,0.0,0.0,0.0,2,15290.0,15295.0,3,15285.0,15260.0,15320.0,15260.0,329.0,25167675.0,2226
2023-05-11 14:58:34,pb2308,pb2308,15295.0,0.0,0.0,0.0,2,15290.0,15295.0,3,15285.0,15260.0,15320.0,15260.0,329.0,25167675.0,2226
2023-05-11 14:58:51,pb2308,pb2308,15295.0,0.0,0.0,0.0,23,15285.0,15295.0,3,15285.0,15260.0,15320.0,15260.0,329.0,25167675.0,2226
2023-05-11 14:58:51,pb2308,pb2308,15295.0,0.0,0.0,0.0,22,15285.0,15295.0,3,15285.0,15260.0,15320.0,15260.0,329.0,25167675.0,2226
2023-05-11 14:58:52,pb2308,pb2308,15295.0,0.0,0.0,0.0,22,15285.0,15295.0,4,15285.0,15260.0,15320.0,15260.0,329.0,25167675.0,2226
2023-05-11 14:58:57,pb2308,pb2308,15295.0,0.0,0.0,0.0,22,15285.0,15295.0,2,15285.0,15260.0,15320.0,15260.0,329.0,25167675.0,2226
2023-05-11 14:59:19,pb2308,pb2308,15295.0,0.0,0.0,0.0,22,15285.0,15295.0,2,15285.0,15260.0,15320.0,15260.0,329.0,25167675.0,2226
2023-05-11 14:59:24,pb2308,pb2308,15295.0,0.0,0.0,0.0,22,15285.0,15295.0,2,15285.0,15260.0,15320.0,15260.0,329.0,25167675.0,2226
2023-05-11 14:59:29,pb2308,pb2308,15295.0,0.0,0.0,0.0,22,15285.0,15295.0,1,15285.0,15260.0,15320.0,15260.0,329.0,25167675.0,2226
2023-05-11 14:59:30,pb2308,pb2308,15295.0,0.0,0.0,0.0,33,15285.0,15295.0,1,15285.0,15260.0,15320.0,15260.0,329.0,25167675.0,2226
2023-05-11 14:59:32,pb2308,pb2308,15295.0,0.0,0.0,0.0,31,15285.0,15295.0,1,15285.0,15260.0,15320.0,15260.0,329.0,25167675.0,2226
2023-05-11 14:59:35,pb2308,pb2308,15295.0,0.0,0.0,0.0,31,15285.0,15295.0,1,15285.0,15260.0,15320.0,15260.0,329.0,25167675.0,2226
2023-05-11 14:59:36,pb2308,pb2308,15295.0,0.0,0.0,0.0,31,15285.0,15295.0,1,15285.0,15260.0,15320.0,15260.0,329.0,25167675.0,2226
2023-05-11 14:59:37,pb2308,pb2308,15295.0,0.0,0.0,0.0,31,15285.0,15295.0,1,15285.0,15260.0,15320.0,15260.0,329.0,25167675.0,2226
2023-05-11 14:59:38,pb2308,pb2308,15295.0,0.0,0.0,0.0,30,15285.0,15295.0,1,15285.0,15260.0,15320.0,15260.0,329.0,25167675.0,2226
2023-05-11 14:59:39,pb2308,pb2308,15295.0,0.0,0.0,0.0,30,15285.0,15295.0,1,15285.0,15260.0,15320.0,15260.0,329.0,25167675.0,2226
2023-05-11 14:59:40,pb2308,pb2308,15295.0,0.0,0.0,0.0,30,15285.0,15295.0,1,15285.0,15260.0,15320.0,15260.0,329.0,25167675.0,2226
2023-05-11 14:59:42,pb2308,pb2308,15295.0,0.0,0.0,0.0,30,15285.0,15295.0,2,15285.0,15260.0,15320.0,15260.0,329.0,25167675.0,2226
2023-05-11 14:59:43,pb2308,pb2308,15295.0,0.0,0.0,0.0,30,15285.0,15295.0,1,15285.0,15260.0,15320.0,15260.0,329.0,25167675.0,2226
2023-05-11 14:59:44,pb2308,pb2308,15295.0,0.0,0.0,0.0,25,15285.0,15295.0,1,15285.0,15260.0,15320.0,15260.0,329.0,25167675.0,2226
2023-05-11 14:59:52,pb2308,pb2308,15295.0,0.0,0.0,0.0,24,15285.0,15295.0,1,15285.0,15260.0,15320.0,15260.0,329.0,25167675.0,2226
2023-05-11 14:59:52,pb2308,pb2308,15295.0,0.0,0.0,0.0,20,15285.0,15295.0,1,15285.0,15260.0,15320.0,15260.0,329.0,25167675.0,2226
2023-05-11 14:59:57,pb2308,pb2308,15295.0,0.0,0.0,0.0,20,15285.0,15295.0,1,15285.0,15260.0,15320.0,15260.0,329.0,25167675.0,2226
2023-05-11 14:59:58,pb2308,pb2308,15295.0,0.0,0.0,0.0,20,15285.0,15295.0,1,15285.0,15260.0,15320.0,15260.0,329.0,25167675.0,2226
2023-05-11 14:59:59,pb2308,pb2308,15295.0,0.0,0.0,0.0,20,15285.0,15295.0,1,15285.0,15260.0,15320.0,15260.0,329.0,25167675.0,2226
2023-05-11 15:00:00,pb2308,pb2308,15295.0,0.0,0.0,0.0,20,15285.0,15295.0,1,15285.0,15260.0,15320.0,15260.0,329.0,25167675.0,2226
