time,symbol_id,symbol_name,last,trade_volume,trade_amount,open_interest_change,bv1,bp1,ap1,av1,yesterday_close,today_open,today_high,today_low,volume,amount,open_interest
2023-05-09 20:56:29,pp2401-C-8800,pp2401-C-8800,16.5,0.0,0.0,0.0,1,1.5,0.0,0,16.5,0.0,0.0,0.0,0.0,0.0,1
2023-05-09 21:05:11,pp2401-C-8800,pp2401-C-8800,16.5,0.0,0.0,0.0,1,2.5,0.0,0,16.5,0.0,0.0,0.0,0.0,0.0,1
2023-05-09 21:12:03,pp2401-C-8800,pp2401-C-8800,16.5,0.0,0.0,0.0,1,3.0,0.0,0,16.5,0.0,0.0,0.0,0.0,0.0,1
2023-05-09 21:14:11,pp2401-C-8800,pp2401-C-8800,16.5,0.0,0.0,0.0,3,3.0,0.0,0,16.5,0.0,0.0,0.0,0.0,0.0,1
2023-05-09 21:15:26,pp2401-C-8800,pp2401-C-8800,16.5,0.0,0.0,0.0,5,3.0,0.0,0,16.5,0.0,0.0,0.0,0.0,0.0,1
2023-05-09 22:49:07,pp2401-C-8800,pp2401-C-8800,16.5,0.0,0.0,0.0,3,3.0,0.0,0,16.5,0.0,0.0,0.0,0.0,0.0,1
2023-05-09 22:49:37,pp2401-C-8800,pp2401-C-8800,16.5,0.0,0.0,0.0,1,3.0,0.0,0,16.5,0.0,0.0,0.0,0.0,0.0,1
2023-05-09 22:50:44,pp2401-C-8800,pp2401-C-8800,16.5,0.0,0.0,0.0,1,2.5,0.0,0,16.5,0.0,0.0,0.0,0.0,0.0,1
2023-05-10 09:06:15,pp2401-C-8800,pp2401-C-8800,16.5,0.0,0.0,0.0,1,3.0,0.0,0,16.5,0.0,0.0,0.0,0.0,0.0,1
2023-05-10 09:34:04,pp2401-C-8800,pp2401-C-8800,16.5,0.0,0.0,0.0,3,3.0,0.0,0,16.5,0.0,0.0,0.0,0.0,0.0,1
2023-05-10 09:34:36,pp2401-C-8800,pp2401-C-8800,16.5,0.0,0.0,0.0,4,3.0,0.0,0,16.5,0.0,0.0,0.0,0.0,0.0,1
2023-05-10 09:42:37,pp2401-C-8800,pp2401-C-8800,16.5,0.0,0.0,0.0,6,3.0,0.0,0,16.5,0.0,0.0,0.0,0.0,0.0,1
2023-05-10 09:45:13,pp2401-C-8800,pp2401-C-8800,16.5,0.0,0.0,0.0,7,3.0,0.0,0,16.5,0.0,0.0,0.0,0.0,0.0,1
2023-05-10 14:48:26,pp2401-C-8800,pp2401-C-8800,16.5,0.0,0.0,0.0,5,3.0,0.0,0,16.5,0.0,0.0,0.0,0.0,0.0,1
2023-05-10 14:50:40,pp2401-C-8800,pp2401-C-8800,16.5,0.0,0.0,0.0,4,3.0,0.0,0,16.5,0.0,0.0,0.0,0.0,0.0,1
2023-05-10 15:01:15,pp2401-C-8800,pp2401-C-8800,16.5,0.0,0.0,0.0,4,3.0,0.0,0,16.5,0.0,0.0,0.0,0.0,0.0,1
