time,symbol_id,symbol_name,last,trade_volume,trade_amount,open_interest_change,bv1,bp1,ap1,av1,yesterday_close,today_open,today_high,today_low,volume,amount,open_interest
2023-05-10 20:56:06,a2311-P-4250,a2311-P-4250,44.0,0.0,0.0,0.0,1,0.5,0.0,0,44.0,0.0,0.0,0.0,0.0,0.0,2
2023-05-10 21:05:23,a2311-P-4250,a2311-P-4250,44.0,0.0,0.0,0.0,1,1.5,0.0,0,44.0,0.0,0.0,0.0,0.0,0.0,2
2023-05-10 21:10:52,a2311-P-4250,a2311-P-4250,44.0,0.0,0.0,0.0,1,2.5,0.0,0,44.0,0.0,0.0,0.0,0.0,0.0,2
2023-05-11 13:42:25,a2311-P-4250,a2311-P-4250,44.0,0.0,0.0,0.0,1,17.5,31.5,1,44.0,0.0,0.0,0.0,0.0,0.0,2
2023-05-11 13:42:30,a2311-P-4250,a2311-P-4250,44.0,0.0,0.0,0.0,2,17.5,31.5,2,44.0,0.0,0.0,0.0,0.0,0.0,2
2023-05-11 13:42:36,a2311-P-4250,a2311-P-4250,44.0,0.0,0.0,0.0,1,17.5,31.5,1,44.0,0.0,0.0,0.0,0.0,0.0,2
2023-05-11 13:42:42,a2311-P-4250,a2311-P-4250,44.0,0.0,0.0,0.0,1,17.0,32.5,1,44.0,0.0,0.0,0.0,0.0,0.0,2
2023-05-11 13:42:44,a2311-P-4250,a2311-P-4250,44.0,0.0,0.0,0.0,1,2.5,0.0,0,44.0,0.0,0.0,0.0,0.0,0.0,2
2023-05-11 15:01:10,a2311-P-4250,a2311-P-4250,44.0,0.0,0.0,0.0,1,2.5,0.0,0,44.0,0.0,0.0,0.0,0.0,0.0,2
